144
128 19 1.65145
77 436 2.36201
42 60 1.65145
116 10 1.75294
131 19 1.68461
145 404 3.12004
47 426 1.82405
38 358 1.82405
150 85 1.75294
144 60 1.71844
84 323 1.65145
120 404 3.05862
115 19 1.61894
8 453 1.58707
136 95 3.31179
132 19 1.65145
18 267 1.58707
66 307 3.51533
51 60 1.68461
35 329 1.49518
7 366 3.31179
52 31 2.66125
27 371 1.82405
43 337 1.65145
122 136 1.89804
121 421 1.55583
57 85 1.71844
19 159 1.75294
64 278 1.65145
49 441 1.75294
82 421 1.5252
68 121 1.75294
86 0 3.18269
1 449 1.86067
15 299 1.55583
85 366 3.37829
147 159 1.58707
134 128 1.75294
107 267 1.58707
102 136 1.86067
78 368 1.71844
94 366 3.2466
127 121 1.82405
105 392 1.71844
55 366 3.31179
89 395 1.5252
130 389 1.82405
126 452 1.65145
146 69 1.61894
56 136 1.89804
34 81 1.75294
63 426 1.71844
113 350 2.55751
73 475 1.71844
30 352 1.75294
28 142 1.89804
67 120 1.61894
137 188 1.68461
148 307 1.68461
103 171 2.55751
13 103 1.71844
26 107 1.78814
61 350 2.40944
141 175 1.55583
92 159 1.65145
5 322 1.75294
108 495 1.71844
44 490 1.65145
139 189 2.36201
117 368 1.75294
133 352 1.71844
119 123 1.82405
101 134 1.58707
50 215 1.82405
124 150 1.68461
48 10 1.82405
80 154 1.61894
90 390 1.93615
111 147 1.75294
125 95 1.68461
65 81 1.68461
98 449 1.86067
96 337 1.65145
31 426 1.78814
21 156 1.71844
62 246 1.58707
53 89 1.86067
100 185 1.78814
142 476 1.75294
14 81 1.68461
99 280 1.75294
114 60 1.65145
71 395 1.61894
24 206 1.71844
29 30 1.58707
72 336 1.68461
74 169 1.78814
87 299 1.78814
23 148 1.68461
36 87 1.82405
9 331 1.75294
11 400 1.86067
81 196 1.58707
104 243 1.86067
17 90 1.75294
69 312 1.32705
97 141 1.75294
143 389 1.82405
149 294 1.58707
129 175 1.78814
95 322 1.71844
88 178 1.71844
93 397 1.68461
10 222 1.82405
41 124 1.71844
46 192 1.75294
140 278 1.68461
2 294 1.65145
4 449 1.78814
106 301 1.86067
118 100 1.65145
45 218 1.78814
138 20 1.78814
76 196 1.68461
75 91 1.58707
16 225 1.75294
123 430 1.71844
83 301 1.71844
54 60 1.68461
20 494 1.78814
91 166 1.65145
25 58 1.82405
109 133 1.71844
0 395 1.71844
60 75 1.82405
135 294 1.68461
3 225 1.68461
37 310 1.86067
32 108 1.61894
40 9 1.68461
58 225 1.71844
12 402 1.71844
39 275 1.68461
6 133 1.71844
