1425
401 89 1.06518
79 108 1.06518
8 345 0.983908
126 126 1.04425
454 454 1.08653
84 13 1.04425
126 233 1.02374
79 79 0.983908
295 451 0.983908
89 89 1.1083
53 108 1.08653
129 13 0.983908
401 491 1.04425
108 108 0.983908
381 199 0.983908
269 108 0.983908
113 111 0.983908
387 387 1.00363
482 336 1.02374
108 225 1.1083
343 387 1.06518
53 79 0.983908
171 111 0.873476
451 451 1.02374
275 173 1.04425
102 17 1.1083
451 387 1.00363
219 108 1.00363
42 70 0.908836
253 498 1.06518
9 9 1.04425
113 147 1.04425
387 451 1.02374
173 173 1.06518
341 75 0.945627
199 345 1.02374
251 415 1.00363
364 364 1.04425
199 199 0.983908
415 415 1.08653
364 500 1.02374
330 199 0.983908
152 152 0.983908
182 182 1.00363
270 376 1.04425
241 173 1.1083
182 364 1.08653
270 345 1.06518
251 251 1.1083
381 381 1.00363
182 500 1.04425
454 133 1.02374
330 13 1.00363
364 182 0.964578
237 237 1.02374
270 399 1.06518
1 1 0.983908
454 145 1.04425
422 306 0.983908
327 363 1.00363
152 206 1.1083
217 217 0.964578
363 147 0.964578
156 156 1.02374
327 324 1.00363
102 102 1.06518
280 144 0.964578
1 320 1.02374
171 70 0.873476
60 338 1.08653
101 101 1.02374
102 42 1.08653
222 489 0.983908
92 330 1.04425
113 215 1.02374
9 17 1.00363
491 489 1.04425
27 27 1.04425
269 269 0.964578
8 8 1.04425
341 341 1.04425
219 225 1.1083
485 336 1.04425
17 147 0.822999
93 206 1.04425
92 345 1.02374
297 489 1.08653
179 361 1.1083
303 367 1.00363
42 327 1.00363
432 206 1.04425
336 336 1.00363
171 222 0.873476
275 241 0.983908
180 491 1.04425
353 489 0.856316
51 489 1.06518
143 451 0.983908
327 341 1.04425
367 336 1.00363
401 32 1.04425
42 42 1.08653
491 491 1.1083
89 491 1.1083
374 156 1.00363
501 389 1.1083
341 298 0.964578
389 336 1.04425
287 489 1.08653
17 51 0.790979
484 484 1.08653
49 126 1.06518
17 11 0.790979
147 147 1.04425
345 13 0.945627
363 215 0.945627
303 134 1.00363
291 171 1.13051
206 206 1.00363
472 367 0.964578
13 13 0.964578
118 43 1.13051
439 491 1.02374
129 129 0.983908
133 402 1.08653
268 489 1.06518
320 320 1.02374
108 219 1.02374
370 370 1.02374
376 199 1.02374
86 43 1.04425
93 93 0.964578
80 491 1.04425
310 336 1.00363
370 375 1.06518
294 294 1.06518
356 43 1.08653
268 491 1.13051
275 275 1.04425
357 382 0.964578
375 370 1.02374
363 439 0.983908
60 426 1.02374
126 32 1.02374
29 27 1.06518
485 367 0.927049
489 489 1.02374
201 459 1.00363
27 102 1.04425
482 226 0.964578
422 422 0.964578
105 105 0.964578
64 367 1.02374
53 53 1.00363
89 127 1.08653
118 167 1.06518
173 301 0.945627
370 51 1.06518
501 390 1.06518
430 251 1.04425
187 58 1.00363
501 125 1.06518
264 264 1.08653
460 126 1.08653
49 233 1.04425
225 225 1.06518
489 491 1.08653
280 485 1.06518
153 147 1.06518
447 447 1.06518
375 375 1.04425
214 214 0.964578
3 336 1.13051
338 175 1.02374
321 236 1.00363
33 491 1.00363
319 367 0.983908
9 133 0.964578
71 287 1.02374
134 336 1.1083
140 140 1.02374
146 364 0.927049
64 175 1.02374
149 269 0.964578
237 93 1.00363
338 352 1.02374
415 402 0.983908
484 185 1.15317
60 159 1.1083
81 282 1.02374
351 152 1.04425
233 233 1.02374
241 241 1.04425
469 235 1.08653
492 126 1.04425
294 418 0.983908
51 375 0.964578
358 336 1.08653
167 167 1.02374
264 302 1.02374
482 482 1.02374
353 303 0.822999
432 185 0.964578
338 278 1.08653
422 388 1.02374
430 430 1.08653
319 175 0.983908
357 211 0.890981
308 152 1.00363
460 233 1.06518
84 84 1.00363
141 251 1.02374
86 125 1.08653
133 133 1.08653
356 125 1.13051
303 159 1.00363
152 432 1.02374
347 336 1.08653
336 226 0.983908
201 201 1.13051
411 398 1.04425
472 442 1.00363
237 218 0.945627
16 42 0.983908
460 492 1.1083
91 91 1.08653
290 389 1.1083
11 89 1.06518
311 311 0.945627
374 459 1.1083
3 389 1.04425
173 275 1.04425
414 489 1.1083
262 336 1.13051
146 182 0.856316
167 338 1.1083
389 226 1.02374
81 457 0.983908
469 480 1.02374
394 367 1.15317
52 251 1.04425
169 58 1.1083
118 476 1.04425
301 173 1.13051
321 240 0.945627
472 318 0.964578
206 185 0.927049
147 51 1.00363
367 278 0.945627
140 165 1.02374
321 480 0.964578
134 211 0.964578
308 91 1.17628
280 208 1.00363
64 236 1.00363
251 248 0.856316
27 216 1.02374
226 336 1.1083
378 129 1.06518
484 469 1.02374
156 338 1.06518
500 29 1.02374
297 240 1.08653
147 215 1.02374
469 64 1.02374
222 480 1.00363
283 336 1.1083
478 338 0.983908
175 175 1.04425
180 64 1.00363
29 102 1.06518
272 336 1.13051
125 352 0.983908
357 125 0.908836
111 147 1.06518
318 336 1.13051
462 152 1.08653
398 382 1.06518
125 278 1.04425
47 42 1.02374
310 226 0.964578
358 389 1.00363
162 345 1.04425
459 382 1.08653
167 125 1.13051
241 275 1.1083
222 64 1.00363
32 367 1.06518
411 201 1.13051
326 314 0.983908
356 476 1.00363
93 432 0.964578
298 147 1.04425
233 389 1.06518
447 149 0.964578
375 443 1.1083
491 64 1.06518
149 447 1.06518
127 336 1.17628
215 491 1.08653
77 338 1.00363
412 459 1.1083
111 144 1.02374
432 432 0.964578
180 472 1.02374
414 491 1.17628
85 457 0.964578
262 389 1.04425
80 485 1.00363
123 339 1.02374
353 64 0.873476
175 352 1.04425
415 133 1.00363
439 480 0.983908
297 64 1.1083
339 339 1.06518
283 389 1.04425
444 211 0.983908
76 17 1.04425
175 278 1.1083
371 371 1.02374
439 64 0.983908
485 159 0.927049
65 91 1.17628
148 389 1.15317
349 211 1.00363
294 495 1.04425
199 78 0.983908
278 352 1.04425
177 382 1.1083
78 345 1.04425
178 9 1.04425
174 167 1.02374
359 359 1.02374
221 0 0.983908
336 229 0.945627
398 459 1.06518
31 363 0.890981
278 278 1.1083
351 93 1.1083
32 175 1.06518
394 476 1.02374
206 432 0.945627
281 398 0.945627
148 211 1.08653
134 226 1.04425
396 320 1.08653
309 389 1.06518
16 353 1.00363
367 229 0.964578
272 389 1.04425
16 411 0.927049
86 318 1.08653
3 226 1.06518
306 108 1.04425
412 338 1.02374
304 367 1.1083
216 47 1.1083
382 382 1.17628
394 236 1.13051
500 27 1.08653
33 442 1.06518
314 314 1.13051
466 174 1.08653
229 336 1.17628
326 391 1.00363
140 460 1.00363
371 321 1.04425
109 109 1.06518
398 398 1.08653
174 338 1.1083
440 336 1.17628
0 9 1.06518
131 480 1.1083
443 283 1.08653
72 430 1.04425
131 240 1.06518
268 64 1.08653
0 430 1.08653
426 336 1.17628
461 389 1.08653
495 206 1.02374
158 338 1.02374
208 134 1.00363
344 282 1.00363
287 64 1.1083
389 229 0.983908
196 152 0.983908
33 318 1.02374
319 159 0.983908
219 219 1.02374
324 374 1.04425
136 89 1.17628
430 141 1.13051
128 89 1.15317
159 175 1.02374
499 461 0.873476
11 389 1.1083
125 229 1.06518
8 78 0.964578
124 91 1.04425
412 125 1.04425
446 34 1.00363
51 208 1.02374
177 459 1.08653
29 216 1.04425
418 206 1.06518
235 211 1.00363
166 166 1.04425
80 472 1.02374
304 175 1.1083
156 357 1.19985
75 185 1.08653
279 153 1.04425
489 64 1.04425
444 226 1.06518
290 32 1.04425
109 287 1.13051
310 229 0.964578
71 485 1.08653
178 171 1.00363
437 91 1.17628
153 439 1.08653
256 74 1.15317
314 391 1.15317
416 367 1.1083
344 457 0.964578
201 34 1.08653
158 125 1.04425
123 124 1.02374
436 460 0.908836
159 352 1.02374
141 141 1.06518
478 235 1.00363
236 226 1.02374
149 149 1.00363
208 32 0.983908
347 226 1.02374
399 13 1.00363
47 353 1.04425
159 278 1.08653
498 225 1.19985
226 226 1.04425
324 49 0.983908
47 411 0.964578
349 226 1.08653
49 32 1.04425
68 52 1.29896
461 125 1.04425
287 304 1.00363
470 398 1.04425
43 211 1.02374
436 268 0.790979
148 226 1.17628
34 201 1.17628
236 278 1.02374
382 211 1.08653
290 318 1.06518
278 229 1.13051
77 442 1.06518
153 165 1.06518
459 125 1.02374
221 157 0.856316
279 279 1.04425
390 211 1.02374
318 226 1.06518
374 357 1.17628
459 390 1.04425
339 402 1.00363
75 439 1.08653
466 57 1.1083
272 226 1.06518
94 121 1.04425
446 412 0.945627
371 374 1.1083
366 430 1.02374
416 125 1.1083
406 170 1.13051
437 398 1.08653
391 167 1.1083
225 241 1.06518
400 89 1.15317
279 7 1.02374
466 466 1.06518
187 187 1.06518
358 482 1.06518
68 68 1.04425
480 352 1.02374
73 125 1.04425
498 29 1.04425
91 169 1.02374
61 389 1.17628
479 20 1.08653
77 318 1.02374
255 167 1.08653
99 99 0.964578
249 389 1.1083
208 318 1.00363
124 264 1.08653
142 211 1.04425
480 278 1.08653
495 294 0.945627
215 485 1.04425
324 460 0.964578
218 218 1.02374
298 215 1.02374
233 482 1.1083
283 482 1.08653
94 218 1.06518
478 64 0.945627
496 418 0.856316
262 482 1.1083
411 501 0.927049
0 72 1.13051
291 291 1.02374
32 159 1.06518
91 308 1.00363
247 247 1.00363
174 32 1.1083
470 201 1.13051
205 264 1.06518
127 226 1.1083
359 497 1.06518
418 294 1.00363
462 218 1.08653
76 222 0.890981
67 215 1.00363
71 472 1.1083
273 248 1.00363
105 170 1.02374
144 144 1.06518
13 219 1.1083
59 43 1.06518
435 93 1.17628
88 29 1.04425
235 352 1.02374
382 125 1.1083
193 171 1.00363
301 301 1.04425
492 482 1.08653
487 16 1.1083
240 352 1.04425
302 398 1.06518
40 51 0.856316
416 236 1.08653
218 185 1.1083
205 42 1.04425
298 439 1.06518
308 308 1.02374
347 229 1.04425
240 278 1.1083
351 432 1.13051
420 389 1.15317
236 229 1.04425
67 222 0.964578
426 226 1.1083
98 389 1.15317
73 236 1.02374
414 64 1.13051
443 443 1.00363
110 211 1.06518
34 482 1.06518
61 390 1.13051
444 229 1.08653
306 79 1.00363
440 226 1.1083
355 390 1.1083
320 396 0.983908
229 226 1.1083
390 226 1.1083
40 222 0.839492
106 224 0.945627
43 226 1.1083
451 143 1.00363
146 146 0.983908
309 482 1.1083
349 229 1.1083
225 275 1.08653
57 390 1.13051
281 68 1.13051
304 159 1.1083
264 446 1.00363
435 218 1.1083
211 211 1.08653
123 248 0.873476
193 17 1.08653
226 229 1.06518
196 294 1.00363
70 411 1.17628
65 169 1.04425
67 439 1.04425
480 229 1.1083
104 302 1.06518
57 125 1.13051
446 446 1.04425
72 141 1.08653
309 318 1.02374
76 353 1.1083
318 229 1.08653
59 167 1.00363
72 366 1.1083
487 171 1.02374
142 226 1.13051
106 106 1.00363
391 476 1.08653
111 180 1.06518
277 226 1.13051
499 3 0.839492
215 472 1.06518
302 201 1.17628
70 374 1.17628
11 482 1.15317
112 105 1.02374
158 159 1.04425
116 389 1.17628
381 143 0.983908
442 125 1.1083
461 318 1.04425
436 80 0.839492
255 255 1.04425
339 145 1.02374
320 191 0.927049
492 34 1.13051
100 0 1.02374
161 124 1.02374
277 278 1.13051
133 427 0.964578
487 17 1.1083
204 347 1.06518
99 56 0.890981
216 102 1.04425
249 347 1.08653
447 325 0.856316
98 390 1.1083
40 353 1.04425
141 52 1.04425
420 390 1.1083
145 402 1.08653
419 294 0.983908
253 254 1.04425
203 411 1.04425
418 418 0.927049
127 159 1.04425
109 116 1.06518
65 308 1.02374
235 229 1.1083
462 432 1.17628
477 477 1.04425
248 248 1.08653
240 229 1.13051
302 302 1.08653
203 34 0.983908
476 43 1.19985
94 432 1.15317
34 34 1.13051
355 347 1.06518
218 469 0.983908
205 205 1.08653
61 142 1.08653
177 357 1.15317
254 79 1.02374
238 418 0.927049
314 488 1.1083
204 482 1.15317
112 112 0.964578
355 32 1.08653
276 57 1.00363
128 390 1.15317
59 125 1.1083
500 216 1.02374
211 226 1.17628
366 141 1.06518
315 315 1.00363
249 482 1.17628
366 366 1.06518
165 61 1.02374
52 52 1.08653
110 226 1.15317
116 390 1.13051
56 56 0.964578
73 159 1.04425
476 211 1.22389
43 229 1.13051
169 371 1.06518
136 127 1.13051
255 426 1.1083
52 68 0.890981
390 229 1.13051
426 229 1.13051
200 200 1.04425
437 177 1.08653
404 0 1.08653
440 229 1.13051
57 426 1.04425
100 404 1.02374
144 303 1.1083
79 288 0.983908
131 416 0.983908
229 229 1.13051
142 229 1.15317
406 406 0.964578
202 187 1.02374
95 157 0.927049
313 157 1.00363
98 347 1.1083
301 105 0.908836
354 167 1.08653
423 214 0.964578
391 64 1.15317
468 224 1.02374
307 141 1.1083
387 143 1.02374
95 178 1.02374
435 432 1.19985
277 229 1.15317
306 1 0.964578
379 379 1.00363
165 262 1.04425
388 359 1.00363
195 454 1.08653
442 426 1.02374
388 422 1.02374
138 224 0.945627
136 142 1.13051
350 466 0.839492
458 68 0.927049
400 390 1.15317
37 47 1.06518
99 496 0.890981
128 142 1.1083
36 327 0.964578
470 34 1.04425
420 32 1.08653
203 203 1.08653
104 308 1.00363
90 358 1.1083
104 65 1.04425
259 259 1.00363
379 322 1.00363
499 478 0.945627
110 426 1.00363
352 175 1.24842
246 166 1.17628
121 326 1.06518
326 416 1.04425
6 337 0.983908
345 129 0.945627
116 142 1.08653
311 48 1.1083
36 353 1.1083
13 129 0.945627
56 496 0.927049
464 347 1.08653
90 347 1.1083
406 48 1.04425
189 65 0.945627
359 425 1.02374
169 169 1.08653
184 218 0.983908
354 390 1.19985
24 287 1.13051
388 388 1.06518
442 159 1.1083
402 402 1.08653
216 216 1.04425
443 98 0.983908
404 404 1.06518
191 320 1.1083
495 196 1.00363
20 20 1.04425
315 213 0.822999
496 56 0.983908
431 431 0.983908
145 145 1.1083
377 356 1.1083
494 339 1.00363
350 470 1.04425
179 405 1.06518
328 376 1.04425
210 470 1.19985
352 352 1.22389
377 377 1.13051
1 425 1.1083
75 416 1.02374
211 229 1.19985
232 29 1.02374
151 165 1.02374
476 476 1.1083
161 205 1.02374
221 291 0.839492
129 378 0.964578
464 310 1.13051
190 347 1.17628
166 45 0.964578
254 1 1.00363
377 326 1.1083
399 399 1.02374
185 185 1.06518
83 20 1.04425
396 396 1.00363
360 187 1.17628
7 283 1.17628
105 288 0.964578
296 250 1.27344
330 84 0.964578
337 337 1.02374
31 7 0.822999
144 208 1.1083
195 47 0.983908
68 281 1.02374
400 426 1.06518
419 495 0.964578
273 273 1.08653
438 248 1.15317
196 196 1.06518
31 279 0.839492
165 33 1.02374
58 371 1.06518
350 411 0.983908
352 426 1.15317
179 179 1.04425
305 350 0.983908
151 49 1.02374
170 170 1.04425
183 65 0.983908
455 476 1.13051
192 192 1.04425
224 224 0.964578
151 460 1.00363
74 40 0.983908
161 36 1.00363
190 60 1.04425
30 157 0.945627
145 250 1.02374
307 52 1.08653
36 268 0.806831
184 469 0.945627
305 36 0.983908
242 242 0.983908
464 501 1.00363
124 446 0.964578
18 326 1.1083
41 145 1.06518
496 496 0.945627
185 469 0.945627
41 250 0.983908
243 221 1.13051
193 40 1.02374
184 432 1.06518
323 95 1.06518
45 273 1.04425
276 71 1.00363
404 241 1.1083
498 216 1.00363
250 411 1.02374
457 457 0.983908
354 426 1.1083
407 166 1.15317
488 255 1.13051
238 56 1.06518
315 163 1.04425
10 109 1.1083
479 479 1.00363
248 273 1.19985
190 501 1.08653
311 405 1.04425
157 157 1.02374
252 305 1.15317
379 292 0.945627
121 60 1.02374
378 378 1.04425
361 361 0.964578
18 59 1.13051
295 295 1.00363
386 247 0.964578
259 202 1.06518
121 501 1.06518
261 261 1.00363
473 473 1.06518
70 190 0.983908
292 431 1.00363
250 250 1.04425
488 426 1.15317
269 48 0.908836
189 189 1.04425
58 411 1.17628
386 261 1.06518
281 281 1.06518
58 374 1.17628
164 124 1.04425
87 477 1.04425
449 147 1.19985
244 160 1.06518
6 379 1.00363
488 60 1.1083
317 464 1.06518
322 337 0.964578
24 60 1.08653
295 143 0.983908
322 239 1.04425
455 304 1.08653
313 313 0.983908
242 361 1.02374
210 446 1.1083
214 423 0.908836
380 380 1.00363
7 262 1.08653
212 315 1.17628
48 311 0.927049
24 355 1.1083
163 214 1.00363
85 344 0.908836
449 370 1.1083
183 189 1.04425
30 221 1.1083
449 51 1.15317
130 384 1.29896
307 307 1.06518
45 45 1.08653
397 112 0.983908
66 56 1.06518
468 238 1.06518
120 74 1.06518
238 496 1.02374
92 92 1.04425
14 325 0.983908
106 138 0.983908
87 87 1.04425
305 189 1.04425
429 112 0.983908
419 496 1.00363
337 379 1.04425
84 343 0.983908
138 138 0.964578
170 406 0.890981
88 291 0.983908
170 288 0.964578
337 322 1.06518
328 399 1.08653
386 386 0.945627
261 22 0.983908
378 328 1.04425
325 325 0.983908
256 256 1.02374
345 84 0.964578
20 494 1.13051
479 334 1.04425
399 129 0.983908
150 120 0.983908
405 311 0.983908
497 44 0.964578
85 85 1.00363
292 239 1.15317
207 207 1.06518
6 292 0.964578
154 74 1.1083
313 193 1.1083
178 487 0.873476
20 479 0.964578
232 216 1.04425
22 22 1.02374
227 87 1.1083
207 473 1.04425
322 322 1.04425
166 407 0.983908
483 477 1.04425
81 81 0.983908
477 410 1.04425
253 253 1.04425
74 150 1.02374
204 204 1.08653
37 205 1.08653
187 202 1.15317
210 210 1.06518
189 210 0.890981
458 246 0.945627
7 33 1.06518
448 214 0.964578
197 192 1.1083
44 425 1.04425
276 190 0.983908
361 170 1.1083
191 396 1.06518
185 416 1.00363
402 427 1.00363
244 135 1.04425
62 466 1.04425
112 288 1.00363
90 204 1.1083
250 281 1.13051
402 238 1.00363
455 455 1.1083
55 359 1.04425
10 262 1.17628
284 26 1.06518
114 129 1.00363
10 249 1.06518
239 239 0.964578
21 129 1.04425
256 154 1.02374
296 296 0.983908
230 259 1.06518
368 337 0.908836
291 35 1.04425
259 230 1.04425
14 257 1.15317
55 388 1.1083
18 488 0.964578
246 246 1.00363
157 291 1.02374
393 393 1.04425
14 14 1.00363
202 259 1.04425
37 76 1.06518
458 458 1.00363
191 191 1.00363
183 435 0.839492
150 256 0.927049
369 294 1.37863
473 483 1.06518
441 100 1.08653
468 468 0.890981
312 402 1.29896
282 48 1.06518
360 360 1.06518
139 207 1.17628
421 193 1.06518
248 332 1.02374
425 291 0.983908
66 39 0.945627
396 28 0.927049
160 160 1.02374
453 494 1.08653
427 427 0.983908
312 294 1.27344
431 292 1.04425
360 462 1.04425
12 17 1.1083
83 256 1.06518
230 202 1.02374
465 44 1.06518
344 81 0.964578
376 84 1.02374
407 45 1.04425
246 458 1.06518
217 378 1.02374
332 273 1.24842
39 39 0.964578
473 332 0.822999
260 214 1.32499
227 227 1.00363
393 493 1.04425
213 213 1.06518
239 14 0.908836
317 317 1.08653
343 162 1.06518
431 179 1.06518
41 41 1.08653
12 16 1.15317
323 120 1.04425
317 204 1.00363
463 315 1.15317
25 392 1.04425
474 232 1.08653
483 483 1.04425
380 96 0.983908
202 202 1.04425
497 359 1.02374
325 14 0.964578
62 80 1.08653
217 328 1.00363
261 137 0.945627
143 295 1.02374
224 468 0.945627
120 120 1.02374
143 143 1.00363
163 448 0.983908
28 191 1.06518
48 48 1.06518
372 316 1.04425
423 423 0.908836
335 26 1.06518
168 168 1.06518
163 163 1.00363
365 337 0.983908
438 332 1.08653
164 164 1.04425
284 284 1.02374
168 473 1.22389
346 346 1.08653
271 431 0.927049
82 273 1.13051
62 62 1.08653
35 88 0.983908
66 66 0.908836
493 493 1.02374
453 453 1.02374
160 135 0.964578
481 481 0.983908
497 497 1.06518
323 452 1.04425
410 393 0.927049
244 244 1.02374
282 405 1.02374
448 448 0.983908
114 114 1.02374
150 154 0.927049
63 124 1.24842
376 78 1.02374
368 322 0.983908
12 161 1.15317
316 316 1.04425
361 48 0.983908
207 332 0.806831
213 483 1.43444
452 257 1.04425
230 230 1.00363
385 385 1.06518
452 452 1.02374
55 55 0.983908
407 407 1.06518
292 179 1.06518
164 202 0.983908
263 293 0.945627
22 137 0.964578
410 410 1.04425
117 248 1.06518
405 85 1.15317
332 332 1.04425
483 410 1.02374
48 405 1.02374
162 78 1.00363
223 346 0.945627
429 288 1.00363
343 343 1.06518
263 263 0.964578
83 154 1.02374
78 78 1.00363
300 300 1.02374
288 170 1.13051
481 28 1.02374
45 409 0.945627
429 429 1.08653
88 35 1.00363
97 213 0.873476
452 194 1.00363
28 481 1.00363
245 346 0.983908
22 267 0.945627
423 293 0.945627
425 425 1.02374
405 405 1.08653
273 97 1.02374
252 474 1.04425
154 322 1.08653
328 78 1.04425
198 198 0.945627
120 154 0.964578
21 378 1.00363
130 130 0.945627
137 85 1.04425
346 223 1.06518
300 316 1.02374
267 239 1.17628
38 346 1.1083
82 82 1.06518
137 137 1.00363
162 162 1.00363
385 409 1.00363
194 325 1.02374
486 486 1.02374
139 300 1.02374
288 406 1.00363
28 28 1.02374
438 117 1.15317
257 257 1.08653
35 35 0.964578
409 315 1.17628
257 452 1.02374
213 82 1.29896
465 254 1.04425
137 405 0.983908
157 12 1.02374
78 162 0.983908
433 100 1.1083
223 223 0.927049
114 328 0.983908
441 441 1.02374
346 245 1.04425
160 50 1.00363
441 452 0.983908
245 223 0.964578
232 35 1.00363
96 96 1.06518
38 198 1.15317
316 244 1.06518
397 397 1.04425
223 245 0.908836
21 328 0.983908
288 288 1.06518
35 465 0.964578
425 12 1.00363
282 179 1.00363
465 55 1.06518
372 408 1.00363
457 81 0.983908
372 372 1.02374
212 212 0.983908
154 421 1.02374
254 253 0.983908
212 463 1.00363
257 137 1.00363
168 82 1.08653
332 117 1.13051
284 286 1.00363
316 372 1.04425
369 369 1.13051
434 22 1.00363
155 486 1.04425
293 293 0.945627
267 137 1.08653
245 245 0.945627
82 97 1.06518
96 137 0.983908
486 155 0.927049
252 252 1.00363
194 137 1.00363
463 409 1.00363
312 316 1.22389
456 96 1.08653
260 293 1.19985
117 332 0.983908
267 179 1.06518
209 481 1.15317
97 82 1.04425
285 285 1.00363
463 463 0.964578
214 260 0.730628
395 285 1.00363
38 38 0.964578
4 266 1.13051
433 441 1.06518
97 97 1.04425
474 474 1.00363
285 395 1.00363
63 117 1.02374
300 372 1.00363
395 395 1.00363
117 117 1.06518
155 155 1.00363
433 433 1.06518
135 316 1.02374
424 424 1.00363
434 267 0.927049
135 135 1.02374
385 228 0.964578
285 348 0.964578
224 115 0.964578
409 409 1.02374
348 285 1.04425
362 362 1.04425
209 209 1.04425
434 434 1.08653
408 384 1.27344
409 463 0.983908
299 333 1.04425
448 260 0.74527
139 139 0.983908
194 456 1.00363
115 115 1.00363
428 424 1.02374
96 456 0.983908
135 50 1.04425
342 342 1.02374
348 348 1.02374
408 107 1.24842
176 214 1.27344
490 490 1.06518
176 213 0.983908
46 407 1.17628
299 348 1.02374
4 258 0.983908
260 260 1.02374
456 456 1.00363
63 63 1.06518
228 228 0.983908
395 299 0.964578
46 46 1.08653
403 403 1.00363
456 19 0.983908
258 5 1.08653
428 428 0.964578
19 456 1.08653
234 234 1.00363
2 2 1.04425
19 132 1.00363
413 413 1.04425
383 383 1.06518
19 19 1.04425
340 340 1.08653
231 231 1.00363
348 299 0.983908
289 214 1.15317
5 5 1.04425
475 475 1.00363
289 289 0.964578
172 403 0.964578
475 266 1.08653
467 467 1.04425
176 176 1.00363
475 329 0.983908
403 172 0.983908
23 23 0.964578
243 452 1.04425
450 450 1.08653
25 490 1.04425
239 194 0.945627
172 172 0.983908
50 50 1.02374
329 329 1.00363
408 289 0.945627
50 316 1.00363
329 475 1.02374
50 135 1.00363
289 423 1.1083
329 266 1.1083
39 331 0.890981
335 335 1.04425
87 410 1.02374
392 392 1.06518
265 483 1.1083
494 494 1.02374
380 137 0.945627
243 243 0.983908
265 227 1.13051
119 23 0.983908
30 452 1.04425
26 26 1.04425
220 100 1.15317
325 137 1.02374
74 154 0.927049
392 490 1.06518
286 246 1.06518
417 291 0.822999
25 25 1.06518
365 379 1.06518
494 453 0.983908
384 384 0.945627
365 322 1.08653
26 335 1.02374
100 433 0.964578
331 331 0.964578
368 292 0.927049
457 405 1.00363
242 179 0.964578
192 335 0.983908
15 15 1.02374
95 12 0.908836
69 296 0.890981
392 25 1.06518
335 333 1.04425
119 119 0.964578
220 96 1.13051
26 333 1.02374
421 256 1.02374
271 81 1.02374
69 69 1.04425
286 284 1.02374
271 179 1.02374
265 265 1.02374
334 479 1.02374
471 421 0.964578
334 334 1.04425
373 26 1.00363
195 195 1.02374
421 421 1.02374
197 197 1.06518
186 186 1.00363
471 471 0.945627
192 188 1.00363
54 54 1.04425
181 181 1.02374
227 212 0.790979
56 260 0.661623
220 441 1.1083
186 433 1.04425
138 260 0.702202
107 384 1.04425
373 373 1.04425
186 434 0.983908
122 192 1.13051
15 107 1.00363
132 132 0.983908
274 15 1.02374
373 333 0.964578
119 403 0.806831
417 417 1.04425
333 26 1.06518
490 475 1.02374
334 266 1.00363
103 417 1.00363
103 103 0.983908
445 445 1.02374
266 107 1.15317
417 103 1.02374
286 286 1.00363
188 192 1.08653
107 107 0.983908
333 333 1.02374
197 122 1.04425
122 197 1.06518
103 252 0.822999
266 266 1.04425
188 333 1.02374
15 274 0.983908
333 335 1.04425
188 188 1.02374
266 274 1.15317
274 107 1.00363
132 19 1.00363
122 122 1.04425
274 274 0.964578
299 299 0.983908
107 274 0.964578
132 456 1.04425
