240
224 467 2.01636
139 289 2.01636
143 295 2.01636
217 450 2.01636
84 176 2.01636
161 247 1.93798
82 172 1.97678
114 234 2.01636
87 184 1.97678
162 340 2.01636
54 115 2.01636
5 8 2.01636
187 383 2.01636
127 258 2.01636
39 247 1.79026
202 413 2.01636
211 428 2.01636
113 370 1.58951
111 231 1.97678
34 63 1.97678
66 143 1.97678
3 5 2.01636
64 139 1.97678
233 439 1.89995
28 46 2.01636
195 403 2.01636
58 304 1.72067
109 228 2.01636
178 362 2.01636
186 381 1.97678
129 260 2.01636
31 50 2.01636
116 416 1.72067
1 2 2.01636
6 12 2.01636
230 394 1.75512
164 342 1.97678
63 135 2.01636
117 148 1.6869
22 38 1.97678
100 209 2.01636
46 90 2.01636
197 408 2.01636
70 155 2.01636
122 89 1.79026
208 424 2.01636
198 409 2.01636
175 290 1.89995
119 245 1.97678
55 117 2.01636
75 162 1.97678
48 97 2.01636
107 223 1.97678
47 92 1.97678
142 293 1.97678
158 328 1.97678
17 33 1.97678
220 463 1.97678
199 410 2.01636
40 78 2.01636
222 465 2.01636
93 198 2.01636
30 165 1.97678
228 474 2.01636
182 372 2.01636
44 86 1.97678
42 82 1.97678
19 35 2.01636
134 142 2.18274
147 300 2.01636
13 28 2.01636
173 109 1.89995
61 130 2.01636
21 37 1.97678
165 343 2.01636
234 486 2.01636
124 252 1.97678
236 89 2.05673
102 212 1.97678
126 254 1.97678
110 230 2.01636
160 332 1.97678
188 385 2.01636
167 346 2.01636
207 423 2.01636
2 4 2.01636
203 414 2.01636
196 407 2.01636
209 425 2.01636
191 391 2.01636
130 263 1.97678
32 55 2.01636
4 7 1.97678
24 41 1.97678
153 316 1.97678
91 191 2.01636
235 487 2.01636
77 164 1.97678
43 84 2.01636
216 448 2.01636
86 183 2.01636
185 378 2.01636
181 369 2.01636
231 481 1.97678
16 32 2.01636
118 244 1.97678
95 202 1.97678
193 396 2.01636
80 168 2.01636
53 114 2.01636
49 98 1.97678
225 468 2.01636
45 88 1.97678
67 144 1.97678
76 163 2.01636
33 62 2.01636
184 376 2.01636
150 312 2.01636
50 101 2.01636
138 287 2.01636
232 483 2.01636
237 493 2.01636
60 129 2.01636
73 160 2.01636
103 213 2.01636
97 204 1.97678
210 427 2.01636
154 317 1.97678
218 451 1.97678
192 393 1.97678
144 296 1.97678
136 280 2.01636
238 497 2.01636
204 416 2.01636
155 320 1.97678
177 360 2.01636
214 438 1.97678
205 420 2.01636
151 313 1.97678
212 435 2.01636
166 345 1.97678
148 305 2.01636
125 253 1.97678
140 290 1.97678
92 193 1.97678
112 232 2.01636
101 210 1.97678
74 161 1.97678
10 18 2.01636
159 330 2.01636
132 273 2.01636
149 306 1.97678
78 165 1.97678
27 45 2.01636
41 80 2.01636
7 13 2.01636
227 473 1.97678
72 158 1.97678
189 387 2.01636
170 350 2.01636
99 207 2.01636
94 199 1.97678
137 281 1.97678
89 189 1.97678
131 270 1.97678
71 157 2.01636
240 499 2.01636
106 217 1.97678
20 36 2.01636
105 216 1.97678
11 21 1.97678
152 315 1.97678
38 76 2.01636
56 118 1.97678
123 250 2.01636
57 121 2.01636
141 291 1.97678
23 40 2.01636
121 248 2.01636
69 153 1.97678
229 478 2.01636
172 354 1.97678
194 399 1.97678
219 462 1.97678
133 276 2.01636
241 500 1.97678
98 205 1.97678
26 44 2.01636
59 127 1.97678
96 203 1.97678
169 349 1.97678
239 498 2.01636
215 446 2.01636
135 279 2.01636
120 247 1.97678
108 224 2.01636
201 412 2.01636
206 422 1.97678
128 259 2.01636
190 388 2.01636
145 297 2.01636
221 464 2.01636
242 501 2.01636
176 359 2.01636
68 145 2.01636
52 113 2.01636
226 469 2.01636
213 436 2.01636
88 185 1.97678
83 174 1.97678
18 34 1.97678
223 466 2.01636
35 68 1.97678
168 347 1.97678
37 71 1.97678
0 1 1.97678
15 31 2.01636
171 353 1.97678
146 298 1.97678
183 374 2.01636
174 357 2.01636
79 167 1.97678
200 411 2.01636
36 70 2.01636
85 182 1.97678
157 327 2.01636
65 140 1.97678
180 364 1.97678
29 47 1.97678
104 214 2.01636
62 131 2.01636
14 29 1.97678
156 324 2.01636
25 42 2.01636
8 16 2.01636
9 17 2.01636
179 363 2.01636
81 171 1.97678
163 341 2.01636
12 27 2.01636
