114
73 81 1.95488
118 380 2.03446
100 16 2.79945
94 392 2.07545
107 421 1.84132
62 344 1.95488
42 475 1.99427
86 365 1.87842
54 27 2.79945
59 246 1.91627
99 267 1.91627
51 17 2.91341
81 395 1.7693
114 19 1.95488
18 487 2.79945
130 69 1.91627
112 257 1.99427
83 17 2.85586
33 454 1.91627
102 19 1.95488
36 37 2.91341
47 434 2.03446
12 103 2.07545
21 171 2.79945
31 120 1.87842
17 179 1.84132
1 116 2.03446
7 453 1.91627
57 299 2.03446
9 268 1.95488
122 188 1.95488
55 85 2.03446
10 142 2.03446
104 271 2.03446
120 304 1.95488
117 261 1.91627
110 433 2.03446
93 325 1.91627
127 226 1.80495
68 299 1.99427
76 322 1.87842
26 142 2.03446
66 285 1.87842
74 74 2.03446
88 336 1.84132
44 192 1.99427
27 30 1.87842
48 226 1.80495
19 494 2.15994
105 100 1.95488
16 336 1.80495
24 106 1.99427
96 170 2.07545
128 336 1.87842
14 373 1.99427
77 301 2.07545
4 226 1.80495
82 166 1.95488
0 266 2.03446
125 336 1.73435
109 430 2.07545
79 265 1.99427
92 229 1.7693
103 278 1.7693
97 104 1.95488
134 405 1.87842
123 20 1.99427
63 154 1.87842
46 229 1.7693
87 52 2.03446
8 106 2.03446
61 336 1.73435
115 229 1.73435
60 229 1.70009
41 337 1.87842
22 91 1.80495
80 17 1.6336
32 81 1.95488
111 95 1.99427
5 322 1.95488
129 278 1.60133
132 141 2.03446
91 336 1.84132
13 282 1.91627
126 229 1.66651
49 229 1.66651
85 379 1.95488
69 65 1.99427
58 175 1.66651
95 105 1.95488
25 229 1.66651
34 166 2.11727
40 336 1.66651
101 278 1.70009
20 482 1.73435
84 105 1.95488
70 374 1.5083
106 251 2.07545
89 336 1.80495
11 106 2.15994
43 93 2.07545
30 447 2.03446
71 196 1.91627
52 278 1.6336
15 219 1.95488
90 235 1.53869
35 371 2.11727
3 219 1.84132
23 308 1.87842
37 275 1.99427
56 108 1.95488
64 382 1.5697
98 133 2.03446
6 133 1.95488
