597
239 336 1.90787
13 415 2.02518
46 330 1.90787
62 336 1.65989
8 108 1.83346
28 345 1.83346
127 336 1.69323
58 173 1.94619
231 13 1.87029
98 336 1.72725
61 126 1.38782
28 8 1.87029
242 336 1.69323
116 401 1.30742
28 330 1.90787
13 133 1.90787
144 321 1.59515
76 13 1.83346
59 430 1.98529
144 391 1.44414
113 330 1.83346
56 382 1.83346
124 336 1.87029
80 381 1.94619
29 219 1.90787
190 336 1.72725
76 129 1.83346
61 492 1.44414
116 27 1.79735
219 330 1.90787
11 336 1.90787
223 91 1.94619
96 345 1.87029
112 382 1.53294
87 89 1.76195
96 330 1.94619
13 180 1.47315
245 336 1.65989
219 345 1.83346
40 338 1.56373
7 29 1.72725
237 345 1.87029
241 336 1.87029
144 158 1.47315
237 376 1.83346
62 278 1.59515
230 336 1.6272
202 498 1.83346
184 133 1.94619
217 336 1.76195
137 320 1.72725
8 320 1.47315
33 336 1.79735
7 27 1.83346
58 241 1.87029
20 338 1.65989
116 375 1.36048
46 381 1.94619
235 336 1.76195
43 367 1.6272
239 226 1.79735
119 400 1.30742
226 382 1.6272
36 336 1.76195
114 287 1.56373
176 336 1.76195
169 336 1.79735
127 226 1.59515
215 91 1.98529
76 92 1.83346
130 415 2.10737
146 336 2.02518
219 8 1.87029
48 336 1.83346
37 336 1.87029
59 366 2.06586
234 336 1.72725
151 91 1.94619
199 415 1.87029
137 219 2.1497
87 336 1.87029
195 364 1.6272
239 278 1.79735
187 336 1.76195
56 125 1.65989
158 336 1.83346
178 411 1.72725
133 336 1.69323
242 278 1.59515
43 175 1.6272
129 382 1.69323
124 226 1.76195
241 389 1.76195
203 492 1.50275
85 175 1.53294
30 336 1.79735
57 336 1.83346
126 251 2.32773
40 236 1.56373
58 275 1.94619
226 338 1.50275
104 336 1.72725
86 251 2.1497
98 482 1.79735
44 336 1.72725
107 336 1.90787
210 278 1.47315
36 389 1.6272
168 336 1.83346
175 336 1.79735
85 352 1.53294
112 125 1.44414
237 399 1.83346
62 229 1.59515
11 226 1.79735
119 420 1.28168
238 336 1.72725
22 336 1.90787
85 278 1.6272
178 158 1.50275
11 278 1.79735
59 102 1.59515
123 251 2.1497
8 219 1.83346
129 91 1.90787
230 278 1.53294
50 447 1.90787
199 251 2.06586
226 125 1.53294
81 500 1.76195
40 357 1.76195
20 235 1.69323
127 229 1.6272
242 229 1.6272
223 235 1.65989
170 235 1.53294
245 226 1.59515
20 442 1.76195
170 442 1.59515
67 91 1.83346
214 336 1.79735
53 282 1.79735
71 356 1.50275
241 226 1.76195
61 482 1.47315
155 402 1.83346
38 89 1.87029
169 125 1.59515
224 366 2.4222
228 336 1.90787
183 91 1.72725
33 226 1.69323
124 229 1.79735
197 31 1.83346
112 236 1.47315
190 482 1.79735
224 102 1.87029
132 240 1.47315
234 283 1.79735
119 116 1.33369
141 364 1.6272
4 336 1.87029
43 159 1.6272
24 402 1.87029
168 389 1.79735
223 374 1.65989
132 480 1.50275
84 336 1.94619
230 229 1.56373
235 226 1.65989
98 34 1.94619
120 201 2.02518
210 229 1.47315
176 226 1.72725
203 283 1.47315
146 226 1.90787
171 336 1.83346
81 498 1.79735
14 211 1.90787
79 336 1.94619
161 105 1.87029
87 226 1.76195
169 226 1.69323
29 396 1.4157
187 278 1.65989
97 367 1.65989
30 226 1.69323
133 226 1.59515
56 229 1.72725
18 482 1.72725
191 352 1.59515
48 278 1.69323
191 278 1.69323
81 182 1.65989
158 226 1.79735
170 472 1.47315
2 370 1.36048
217 482 1.83346
39 91 1.79735
45 336 1.87029
71 42 1.83346
154 17 1.6272
104 226 1.6272
35 382 1.76195
251 498 1.83346
183 264 1.83346
190 34 1.94619
167 141 2.06586
37 482 1.94619
33 482 1.87029
142 173 2.19289
83 336 1.87029
235 482 1.79735
69 235 1.69323
176 482 1.87029
97 175 1.65989
44 226 1.6272
215 308 1.83346
245 229 1.56373
205 251 1.94619
96 8 1.90787
77 226 1.79735
57 226 1.76195
251 182 1.65989
69 442 1.76195
246 141 2.02518
2 102 1.79735
36 482 1.72725
53 242 1.79735
130 402 1.90787
238 226 1.6272
82 278 1.6272
168 226 1.72725
107 226 1.79735
132 196 1.72725
114 64 1.65989
234 482 1.72725
24 133 1.90787
37 229 1.76195
186 89 1.76195
105 356 1.53294
77 278 1.72725
14 226 2.06586
120 482 1.76195
214 226 1.72725
221 229 1.69323
97 236 1.6272
133 482 1.79735
22 226 1.79735
24 145 2.02518
18 34 1.90787
30 482 1.83346
205 430 2.02518
187 229 1.65989
19 89 1.83346
46 8 1.87029
217 34 1.98529
14 352 1.94619
191 229 1.72725
114 3 1.53294
49 226 1.83346
129 357 1.76195
224 216 1.87029
48 229 1.72725
171 125 1.6272
117 420 1.36048
146 229 1.94619
231 129 1.87029
55 166 2.10737
74 229 1.79735
211 500 1.79735
172 226 1.83346
228 226 1.79735
148 330 2.02518
137 396 1.59515
4 226 1.83346
131 180 1.4157
67 235 1.6272
57 482 1.90787
69 472 1.6272
35 338 1.6272
49 278 1.79735
104 229 1.65989
175 482 1.83346
158 229 1.72725
171 226 1.72725
151 412 1.65989
84 226 1.83346
82 229 1.65989
79 226 1.83346
121 338 1.72725
204 229 1.79735
73 492 1.53294
172 278 1.72725
120 34 1.94619
238 229 1.65989
71 180 1.53294
2 216 1.79735
44 229 1.65989
35 125 1.65989
155 99 1.98529
107 229 1.83346
77 229 1.76195
22 229 1.83346
3 180 1.56373
131 374 1.50275
131 472 1.53294
38 127 1.79735
178 190 1.4157
163 337 1.76195
193 226 1.76195
228 482 1.94619
103 229 1.69323
45 226 1.79735
67 374 1.59515
148 345 1.87029
167 52 1.98529
160 156 1.98529
202 247 1.69323
246 275 1.87029
83 226 1.76195
126 52 2.4222
175 34 2.02518
214 229 1.72725
167 68 1.6272
193 278 1.76195
49 229 1.83346
205 141 2.10737
225 367 1.83346
243 352 1.72725
4 229 1.76195
155 438 1.50275
243 278 1.76195
172 229 1.76195
126 68 1.98529
3 262 1.56373
231 92 1.87029
38 32 1.83346
151 446 1.76195
39 308 1.6272
84 229 1.87029
203 412 1.4157
50 247 1.53294
86 68 1.83346
138 367 1.94619
183 412 1.44414
70 330 1.94619
89 226 1.83346
181 105 1.87029
225 226 1.94619
215 446 1.94619
142 301 1.98529
79 159 1.72725
121 235 1.76195
218 261 1.83346
99 29 1.76195
162 89 2.02518
106 457 1.79735
202 388 1.83346
89 278 1.83346
92 291 1.83346
39 374 1.56373
138 175 1.94619
193 229 1.79735
117 443 1.47315
18 446 1.98529
243 229 1.79735
186 283 1.90787
3 290 1.59515
189 247 1.79735
213 461 1.59515
45 229 1.79735
161 170 1.98529
121 64 1.65989
19 127 1.76195
246 307 1.98529
60 141 2.32773
83 229 1.79735
130 438 1.59515
41 353 1.72725
138 236 1.90787
160 489 1.94619
108 291 1.79735
55 273 1.79735
89 229 1.87029
109 120 1.79735
136 315 2.06586
186 482 1.90787
154 268 1.25643
105 118 1.53294
106 242 1.72725
19 32 1.79735
198 226 1.90787
225 159 1.83346
212 261 1.79735
100 500 1.76195
163 322 1.90787
200 89 2.02518
60 102 1.79735
160 167 1.90787
163 379 1.90787
213 11 1.47315
109 256 1.79735
113 8 1.83346
154 280 1.28168
177 247 1.69323
41 438 1.47315
136 213 1.65989
182 170 1.98529
25 291 1.6272
23 65 1.79735
161 288 1.87029
199 98 1.30742
113 92 1.79735
165 368 1.90787
54 454 1.90787
6 273 1.94619
135 368 1.79735
141 247 1.56373
100 182 1.65989
177 386 1.65989
181 170 1.98529
251 247 1.59515
109 154 1.79735
54 251 2.02518
93 291 1.72725
53 81 1.94619
55 332 1.50275
150 306 1.83346
135 242 1.69323
41 483 1.83346
75 247 1.76195
201 74 1.87029
159 166 1.94619
236 312 1.90787
185 22 1.90787
139 74 1.94619
211 247 1.69323
209 261 1.87029
181 288 1.83346
180 396 1.83346
78 22 1.79735
106 344 1.90787
150 92 1.79735
179 392 1.98529
141 322 1.79735
147 92 1.83346
54 52 2.06586
12 322 1.90787
32 92 1.83346
68 490 1.90787
206 150 1.94619
249 13 1.90787
122 284 1.87029
142 288 1.69323
250 45 2.10737
51 120 1.79735
194 368 1.87029
222 246 2.19289
165 386 1.83346
153 265 1.90787
150 114 1.76195
135 386 1.76195
179 490 1.98529
148 8 1.98529
90 85 1.87029
165 337 1.76195
1 92 1.98529
244 296 1.56373
12 292 1.79735
147 114 1.83346
15 453 1.83346
209 452 1.90787
32 114 1.83346
12 267 1.79735
209 257 1.87029
6 82 1.90787
179 25 2.02518
90 405 1.76195
70 8 1.90787
185 292 1.79735
139 120 1.83346
70 92 1.94619
122 285 1.83346
194 6 1.83346
1 114 1.83346
27 373 1.98529
201 120 1.79735
180 28 1.69323
139 256 1.72725
101 246 1.90787
88 477 2.47086
194 386 1.94619
244 69 1.83346
211 465 1.76195
101 458 1.98529
185 267 1.79735
147 378 1.83346
78 434 1.98529
51 154 1.83346
32 378 1.83346
156 266 1.83346
122 395 1.87029
92 252 1.83346
153 286 1.90787
156 285 1.72725
102 239 2.47086
156 395 1.76195
125 213 1.72725
152 440 1.94619
201 421 1.72725
149 248 1.83346
198 426 1.69323
68 475 1.94619
60 52 2.23695
23 411 1.76195
128 475 1.94619
42 248 1.94619
198 229 1.87029
128 395 2.02518
162 142 1.94619
117 98 1.4157
134 289 1.65989
128 299 1.94619
102 386 2.06586
27 395 1.83346
162 426 1.87029
111 99 2.19289
68 329 1.90787
10 117 1.72725
102 247 2.02518
196 40 2.23695
166 63 1.98529
27 299 1.76195
125 408 1.98529
1 328 1.83346
152 116 1.87029
125 289 1.98529
152 109 1.83346
236 305 2.28189
249 306 1.90787
200 142 1.94619
105 281 1.94619
17 212 1.94619
200 426 1.87029
66 145 1.94619
17 107 2.72923
99 291 1.76195
213 180 1.56373
115 248 1.94619
240 16 2.06586
73 478 1.65989
249 399 1.94619
240 171 1.90787
73 460 1.50275
164 342 1.87029
93 12 1.83346
23 202 1.98529
123 63 1.72725
17 66 2.5205
93 35 1.76195
10 63 1.79735
164 471 2.37449
66 410 1.90787
222 463 1.87029
100 425 1.83346
240 17 2.06586
166 372 1.98529
164 421 2.28189
66 281 1.87029
222 286 2.10737
42 117 1.94619
86 117 1.65989
9 483 2.4222
10 123 2.28189
123 117 1.6272
88 483 2.5205
99 12 1.87029
134 163 1.94619
188 407 2.10737
9 213 1.87029
134 448 1.98529
115 483 2.28189
88 213 1.90787
111 448 2.1497
188 45 2.06586
166 438 1.79735
236 494 2.47086
9 477 2.4222
42 332 1.83346
188 166 2.23695
111 423 2.10737
149 332 1.72725
115 438 1.83346
250 385 2.06586
136 82 1.98529
149 273 2.02518
