1464
1 108 2.31631
79 108 2.18258
8 330 2.05657
102 454 2.22627
454 454 1.97663
8 345 1.93784
364 500 1.97663
454 415 2.09774
451 451 1.97663
42 415 2.22627
108 108 2.01621
295 451 1.93784
182 500 2.01621
79 79 2.01621
387 199 2.09774
364 364 1.97663
89 89 2.01621
387 387 2.01621
364 182 1.86252
401 401 1.97663
199 199 1.97663
108 79 1.86252
156 156 1.97663
253 498 2.09774
79 269 2.13974
182 364 2.13974
330 345 1.8998
53 108 2.09774
102 47 2.05657
330 330 2.01621
287 287 2.01621
133 415 2.18258
381 381 1.97663
415 415 1.97663
126 126 1.97663
253 79 2.13974
156 126 2.09774
237 237 1.97663
129 13 2.05657
454 102 1.75499
287 144 1.93784
270 270 1.97663
401 144 2.09774
93 237 2.05657
270 387 1.97663
126 233 1.93784
219 108 1.97663
270 217 1.93784
108 269 1.97663
173 173 2.01621
92 330 1.97663
53 79 1.97663
75 75 1.97663
1 1 1.97663
219 225 2.13974
152 152 2.01621
182 182 1.97663
311 282 2.05657
237 70 1.82596
27 29 1.86252
225 225 2.01621
370 401 2.01621
345 345 1.97663
147 147 2.01621
1 320 2.01621
131 131 2.01621
482 126 1.93784
371 58 2.05657
8 8 2.01621
382 382 2.01621
489 489 2.01621
27 27 2.01621
275 173 1.97663
422 306 1.97663
287 255 1.97663
356 377 2.05657
89 142 1.93784
102 102 1.97663
237 93 1.93784
356 356 2.01621
17 16 2.01621
491 491 2.01621
89 32 1.97663
42 42 2.01621
484 484 2.01621
336 336 1.97663
357 156 1.72054
133 402 1.97663
338 338 1.97663
341 363 1.93784
9 47 1.82596
17 171 1.93784
71 111 2.05657
338 125 2.01621
9 9 2.01621
363 324 2.01621
125 338 1.97663
251 415 1.86252
363 363 2.01621
447 269 1.86252
171 16 2.13974
93 93 2.01621
149 269 1.97663
13 13 2.01621
303 489 2.09774
251 251 2.01621
17 17 2.01621
111 111 1.97663
401 136 2.05657
341 341 2.01621
382 459 1.97663
326 287 2.01621
402 402 2.01621
363 341 2.05657
301 173 2.22627
125 125 2.01621
324 363 2.01621
415 42 1.79012
109 109 1.97663
171 171 1.97663
92 13 1.97663
324 324 2.01621
75 174 2.01621
42 353 2.05657
399 345 1.97663
173 241 1.93784
129 129 2.01621
414 401 2.01621
294 294 2.01621
378 129 2.05657
152 94 1.79012
126 32 1.93784
29 29 1.97663
492 126 2.01621
152 351 1.93784
376 345 2.09774
367 367 2.01621
389 89 1.8998
359 44 1.8998
131 469 2.01621
382 125 1.8998
68 251 2.31631
326 377 2.05657
64 489 1.93784
101 101 2.01621
375 144 2.01621
147 51 1.93784
214 214 2.01621
370 414 2.01621
147 215 1.97663
143 451 2.01621
459 382 2.01621
148 126 2.22627
341 298 1.93784
321 484 1.8998
156 357 2.31631
374 91 2.31631
484 321 2.13974
370 370 2.01621
320 320 1.97663
133 133 1.97663
233 233 1.97663
345 376 1.8998
9 17 1.86252
60 167 2.13974
84 84 2.01621
415 133 1.82596
485 287 1.8998
297 75 2.01621
447 447 2.01621
336 226 1.86252
339 339 2.01621
489 303 1.93784
367 175 2.01621
469 131 2.01621
91 91 2.01621
175 367 2.01621
47 9 2.18258
338 318 2.01621
308 152 1.8998
491 485 1.93784
179 361 2.09774
326 326 2.01621
71 354 1.93784
229 336 2.09774
149 447 2.09774
47 47 1.97663
492 492 1.97663
269 269 2.01621
167 167 1.97663
173 275 2.01621
58 58 2.01621
16 16 2.01621
109 377 2.13974
402 133 2.01621
27 216 1.93784
111 147 2.09774
169 58 1.97663
199 84 1.97663
226 336 2.13974
402 145 2.05657
500 500 1.97663
298 70 2.09774
264 91 1.97663
430 430 1.97663
32 134 2.05657
459 459 1.97663
337 368 2.13974
175 175 2.01621
94 152 2.22627
81 271 1.8998
32 127 1.97663
93 432 2.05657
29 27 2.13974
131 158 2.09774
484 469 1.8998
16 171 1.86252
159 125 1.97663
67 363 2.09774
217 217 1.97663
391 326 2.22627
206 206 2.01621
422 422 1.97663
127 233 2.01621
314 314 2.01621
70 70 2.01621
491 64 1.93784
339 123 2.05657
16 17 2.01621
144 287 2.05657
351 152 2.05657
303 303 2.01621
125 159 2.01621
321 59 2.05657
215 147 2.05657
175 352 2.01621
67 324 2.09774
278 211 1.86252
180 461 2.01621
67 67 2.01621
144 144 1.97663
432 93 1.97663
375 375 1.97663
140 298 1.93784
201 398 1.86252
51 147 2.05657
60 255 2.05657
391 314 1.97663
187 58 1.93784
32 32 2.01621
275 241 1.93784
321 321 2.01621
6 368 2.13974
356 118 1.97663
489 64 2.05657
442 338 1.86252
327 140 1.8998
389 389 1.97663
264 264 2.01621
78 345 2.09774
352 211 1.97663
225 241 1.97663
422 388 2.09774
476 43 2.13974
149 149 2.01621
140 140 1.97663
148 277 1.97663
276 363 1.93784
294 495 1.97663
336 229 1.8998
432 218 1.86252
436 171 2.22627
314 391 2.05657
76 9 2.31631
367 159 2.01621
75 297 1.97663
201 201 2.01621
482 482 2.01621
118 356 2.01621
241 241 2.01621
414 414 2.01621
148 148 1.97663
206 294 1.86252
327 327 2.01621
236 125 2.05657
81 457 2.01621
76 47 2.05657
476 167 2.01621
301 301 1.97663
283 492 2.05657
276 324 1.93784
53 53 2.01621
500 182 1.93784
391 391 2.01621
217 21 2.01621
430 72 2.05657
414 370 2.01621
70 174 1.8998
398 398 1.97663
109 116 1.97663
297 174 2.05657
492 283 1.93784
311 311 2.01621
167 110 1.97663
43 43 1.97663
219 219 1.97663
501 356 2.01621
233 127 1.93784
371 371 2.01621
353 42 1.93784
229 226 1.97663
275 275 2.01621
171 436 1.82596
60 60 2.01621
294 196 2.13974
255 287 2.01621
225 219 1.86252
159 318 1.97663
337 365 1.93784
51 370 1.8998
278 352 1.8998
469 218 2.09774
375 136 1.97663
352 175 2.01621
298 298 1.97663
222 51 2.01621
278 278 2.01621
113 466 2.01621
439 215 1.93784
472 485 1.93784
399 376 1.93784
123 339 1.93784
236 236 2.01621
411 411 2.01621
111 51 2.01621
226 226 2.01621
0 0 1.97663
485 485 2.01621
43 277 1.82596
302 398 1.8998
318 338 1.97663
443 440 1.93784
178 72 2.01621
159 159 1.97663
303 304 1.93784
167 349 1.93784
218 218 1.97663
482 34 2.13974
165 147 1.97663
211 211 2.01621
439 222 1.86252
357 235 1.82596
134 134 2.01621
398 201 2.13974
396 320 2.09774
6 365 1.93784
352 352 2.01621
199 78 1.97663
241 275 2.05657
180 61 1.93784
357 357 2.01621
196 402 2.01621
222 222 1.97663
376 376 2.01621
233 32 1.97663
459 357 2.09774
47 102 1.93784
430 366 2.09774
180 180 1.97663
359 359 2.01621
105 105 2.01621
222 439 2.13974
127 127 1.97663
64 64 1.97663
94 351 2.05657
70 298 1.8998
443 443 1.97663
94 94 1.97663
327 203 2.05657
269 149 2.05657
439 439 2.01621
247 247 1.97663
442 442 1.97663
178 178 1.97663
291 291 1.97663
432 432 2.01621
476 476 1.97663
374 374 2.01621
141 141 2.01621
389 142 1.82596
140 153 1.8998
123 123 2.01621
472 64 1.93784
411 412 1.8998
318 134 2.01621
196 294 1.8998
442 318 1.8998
308 169 1.97663
390 390 2.01621
236 240 1.8998
251 205 1.75499
215 215 2.01621
64 472 2.01621
431 271 2.01621
351 351 1.97663
472 472 1.97663
241 216 1.72054
215 11 1.97663
51 51 1.97663
91 374 1.75499
166 166 1.97663
0 72 2.09774
310 73 1.93784
43 125 2.05657
0 404 1.97663
73 73 2.01621
3 356 2.01621
134 32 1.97663
390 127 1.93784
72 430 1.93784
404 0 2.01621
211 175 2.05657
106 224 1.93784
469 469 2.01621
272 134 2.05657
308 308 2.01621
314 488 1.97663
485 472 2.05657
302 302 1.97663
206 432 1.86252
272 127 1.97663
86 461 1.93784
479 20 2.18258
347 127 1.97663
229 229 2.01621
379 337 1.93784
283 283 2.01621
358 358 2.01621
353 353 1.97663
110 167 1.97663
358 127 2.01621
29 216 1.97663
377 356 1.97663
347 358 1.97663
301 105 1.75499
226 229 2.05657
34 201 2.13974
247 388 2.31631
106 106 1.97663
144 136 1.93784
211 352 2.05657
218 469 1.8998
349 167 2.01621
134 318 2.01621
377 377 2.01621
127 32 2.01621
116 109 1.97663
374 412 1.97663
390 347 1.93784
68 52 2.40998
201 34 1.8998
358 347 2.01621
381 143 1.97663
91 412 1.72054
71 71 1.97663
269 361 1.79012
235 235 2.01621
34 283 1.93784
425 500 1.97663
218 432 2.13974
347 347 1.97663
68 68 1.97663
240 480 2.01621
461 461 2.01621
330 8 1.97663
174 174 1.97663
142 134 2.09774
306 498 1.93784
310 310 1.97663
33 309 2.05657
138 224 1.97663
255 255 1.97663
240 240 1.97663
264 412 1.68677
377 326 1.97663
235 442 2.09774
73 310 2.05657
153 298 2.01621
319 303 1.97663
177 177 1.97663
116 400 1.93784
277 277 2.01621
59 326 1.97663
3 461 2.05657
33 61 1.97663
404 404 2.01621
304 255 2.01621
80 298 1.97663
6 6 2.01621
136 144 2.01621
412 177 2.18258
444 444 1.97663
31 31 2.01621
277 167 2.05657
318 318 2.01621
343 84 2.05657
324 276 2.09774
78 376 2.01621
426 390 2.18258
118 501 2.01621
99 99 2.01621
61 461 2.05657
446 34 1.93784
406 170 2.31631
73 349 1.82596
210 470 2.22627
138 106 1.97663
478 464 1.8998
240 64 2.01621
58 371 1.93784
400 109 2.01621
297 297 2.01621
187 187 1.97663
142 142 2.01621
298 153 1.93784
177 374 1.86252
255 110 2.05657
279 165 2.05657
302 470 2.05657
465 500 2.13974
277 148 2.01621
72 72 2.01621
451 295 2.05657
480 480 1.97663
451 143 1.97663
142 32 2.05657
466 466 2.01621
444 110 1.97663
281 68 2.05657
420 401 2.01621
398 501 1.75499
388 422 1.8998
480 240 1.93784
400 400 1.97663
214 448 2.01621
280 128 1.93784
359 497 2.09774
319 480 2.09774
412 374 2.05657
141 52 1.93784
145 133 1.97663
185 185 1.97663
282 282 2.01621
473 124 1.97663
118 118 1.97663
501 501 2.01621
310 501 1.75499
145 145 2.01621
56 99 2.13974
320 396 1.8998
436 436 2.01621
52 141 2.05657
235 472 1.93784
224 224 2.01621
24 354 2.01621
498 498 2.01621
174 57 2.01621
388 388 2.01621
355 464 2.09774
113 113 2.01621
247 497 2.31631
200 200 2.01621
446 412 1.82596
84 162 1.93784
418 294 2.05657
203 327 1.93784
412 412 2.01621
59 59 2.01621
281 250 1.8998
279 153 1.97663
224 106 2.05657
444 349 1.93784
320 191 1.79012
259 259 2.01621
177 412 1.82596
399 399 1.97663
493 250 2.36268
57 354 1.93784
113 276 2.13974
124 124 1.97663
208 303 2.01621
58 169 2.01621
501 118 1.97663
443 98 1.8998
169 169 2.01621
185 469 1.75499
488 354 2.01621
495 294 2.05657
349 110 2.01621
110 110 1.97663
470 470 2.01621
280 268 1.97663
24 24 1.97663
366 430 1.8998
464 464 2.01621
272 272 1.97663
394 304 2.01621
72 366 2.01621
353 478 1.82596
426 426 2.01621
189 350 1.8998
146 146 2.01621
165 165 1.97663
436 203 1.8998
59 321 1.97663
280 280 2.01621
203 436 2.09774
461 309 2.01621
477 477 2.01621
273 248 1.82596
24 174 2.01621
283 262 1.86252
65 169 1.97663
34 34 1.97663
99 56 1.8998
309 309 1.97663
13 129 1.97663
196 196 2.01621
426 318 2.18258
423 214 2.09774
379 379 2.01621
304 304 1.97663
279 279 2.01621
18 174 1.86252
480 319 1.8998
461 3 1.93784
216 102 2.05657
33 33 1.97663
110 349 1.93784
65 437 1.93784
455 110 2.05657
349 349 1.97663
44 44 2.01621
169 65 2.05657
355 355 2.01621
418 418 1.97663
216 241 2.36268
61 61 1.97663
141 307 1.93784
153 153 1.97663
3 3 1.97663
20 20 1.97663
446 446 2.01621
488 314 2.05657
379 322 2.05657
319 319 2.01621
354 354 1.97663
496 99 2.18258
18 121 1.93784
165 49 2.01621
56 56 2.01621
250 145 2.18258
49 165 1.97663
368 368 1.97663
11 11 1.97663
360 351 2.09774
495 418 1.8998
77 309 2.18258
202 124 2.13974
69 404 2.18258
309 262 1.93784
464 355 1.93784
65 65 2.01621
208 180 2.01621
21 21 1.97663
146 380 1.86252
262 309 2.05657
203 203 1.97663
242 282 1.93784
268 128 1.97663
158 57 1.93784
123 161 1.8998
161 123 2.13974
174 297 1.93784
388 497 1.93784
478 460 1.82596
440 440 2.01621
116 116 1.97663
499 36 1.93784
158 321 2.18258
187 437 1.8998
468 224 2.13974
420 420 2.01621
83 74 2.31631
86 290 1.93784
205 205 1.97663
248 248 2.01621
221 221 2.01621
153 279 2.01621
7 363 2.18258
57 57 1.97663
411 190 1.65367
315 315 1.97663
420 414 2.01621
355 249 1.86252
190 354 2.01621
366 72 1.97663
276 276 2.01621
52 52 2.01621
260 214 2.60884
121 121 2.01621
129 378 1.93784
477 87 2.01621
80 280 1.93784
337 337 2.01621
136 136 1.97663
416 391 1.93784
99 496 1.86252
262 262 2.01621
416 321 2.13974
208 208 2.01621
238 418 2.13974
189 499 1.93784
52 68 1.65367
406 406 1.97663
305 31 1.97663
437 187 2.09774
48 361 2.01621
483 248 1.72054
378 378 2.01621
433 404 2.13974
49 49 2.01621
292 361 2.09774
205 350 1.97663
86 86 1.97663
344 457 2.13974
36 205 2.05657
98 440 2.01621
397 105 2.05657
88 232 2.05657
440 443 2.05657
74 74 1.97663
313 157 2.05657
290 290 1.97663
431 431 1.97663
40 40 2.01621
394 394 1.97663
380 146 2.13974
157 157 2.01621
11 309 2.13974
195 454 2.09774
400 116 2.01621
478 478 2.01621
170 170 2.01621
455 304 1.93784
462 462 1.97663
368 365 1.75499
268 268 2.01621
462 360 2.01621
366 366 2.01621
56 496 1.93784
76 76 2.01621
418 495 2.09774
205 36 1.93784
290 86 2.01621
106 138 2.01621
49 460 1.93784
466 113 2.01621
397 112 1.8998
371 190 1.82596
396 396 2.01621
496 56 2.05657
250 250 2.01621
290 33 1.8998
256 120 2.09774
98 443 2.05657
36 350 2.01621
261 261 1.97663
268 280 2.05657
216 216 1.97663
406 288 2.13974
495 495 2.01621
207 207 2.01621
95 95 2.01621
309 33 1.8998
36 36 2.01621
242 242 2.01621
77 290 2.18258
499 499 2.01621
95 221 2.09774
394 455 2.05657
350 350 2.01621
479 479 1.97663
61 33 1.97663
92 92 1.97663
457 457 2.01621
57 297 1.8998
306 306 1.97663
380 380 2.01621
151 140 1.97663
40 291 1.86252
307 141 2.05657
378 328 1.97663
204 443 2.05657
307 366 2.05657
460 49 2.09774
37 47 2.09774
179 405 2.01621
304 455 2.01621
487 178 2.27084
138 138 2.01621
80 80 2.01621
473 473 1.97663
87 87 2.01621
369 312 1.93784
259 202 2.01621
282 311 1.93784
158 158 2.01621
350 36 2.01621
288 105 2.01621
262 33 1.97663
191 320 2.27084
151 327 2.09774
193 40 2.09774
464 478 2.09774
14 325 1.93784
210 210 1.97663
350 327 1.82596
447 48 1.65367
249 355 2.13974
313 221 2.36268
179 179 1.97663
460 460 2.01621
273 273 2.01621
22 261 2.09774
496 496 1.97663
207 473 1.97663
151 151 1.97663
150 150 2.01621
295 295 2.01621
136 33 2.05657
361 361 1.97663
252 494 2.40998
477 483 2.01621
498 306 2.05657
31 305 2.01621
351 184 1.8998
295 143 1.93784
317 464 1.97663
83 83 1.97663
77 77 2.01621
40 193 1.8998
311 405 2.13974
11 33 2.05657
214 423 1.8998
105 406 1.82596
488 488 2.01621
232 232 2.01621
343 162 2.05657
437 437 2.01621
462 435 2.13974
261 22 1.8998
84 343 1.93784
281 281 1.97663
452 221 2.18258
244 160 2.05657
121 18 2.09774
166 246 1.75499
249 249 1.97663
193 291 1.86252
150 120 1.93784
460 478 2.22627
483 477 2.01621
440 98 2.01621
368 6 1.86252
463 315 2.36268
112 112 2.01621
44 359 2.09774
121 469 1.97663
249 10 1.93784
470 317 1.75499
224 138 2.01621
455 455 1.97663
470 210 1.79012
164 124 1.97663
256 256 2.01621
499 189 2.05657
18 18 2.01621
96 380 2.09774
210 62 1.97663
189 189 1.97663
322 379 1.97663
248 273 2.18258
435 462 1.86252
170 406 1.72054
263 448 2.09774
466 190 1.97663
105 288 1.97663
497 359 1.8998
354 71 2.01621
100 100 2.01621
98 98 1.97663
183 124 1.97663
322 322 2.01621
45 45 2.01621
185 416 1.86252
104 495 2.22627
305 305 2.01621
184 94 2.05657
479 334 2.01621
193 193 1.97663
184 351 2.05657
204 98 1.97663
178 487 1.75499
313 313 1.97663
190 71 2.05657
192 192 2.01621
381 343 1.93784
90 249 1.93784
22 22 1.97663
497 388 2.05657
10 249 2.05657
323 221 2.22627
438 438 1.97663
87 483 1.93784
157 313 1.93784
250 281 2.09774
365 368 2.31631
12 157 2.09774
161 161 1.97663
87 227 1.93784
332 248 2.13974
230 259 1.97663
267 361 2.09774
423 448 2.13974
435 62 1.86252
20 479 1.82596
260 56 2.82412
435 435 2.01621
253 253 1.97663
170 288 1.86252
90 10 1.93784
10 10 2.01621
227 87 2.05657
163 168 1.82596
449 171 2.82412
335 26 2.05657
259 230 1.97663
128 128 2.01621
325 325 1.97663
360 462 1.97663
291 35 2.01621
386 386 2.01621
416 416 2.01621
7 279 2.01621
421 74 2.27084
360 360 2.01621
449 17 3.05716
238 238 1.97663
473 164 2.05657
493 393 2.01621
261 257 1.97663
306 422 1.97663
204 204 1.97663
232 44 2.05657
386 239 2.05657
7 7 1.97663
427 427 2.01621
433 100 2.13974
90 90 2.01621
497 497 2.01621
120 120 1.97663
10 90 2.05657
427 238 1.97663
386 337 1.79012
128 268 2.05657
291 12 2.05657
307 307 2.01621
128 280 2.09774
183 189 2.09774
14 14 1.97663
328 129 2.09774
271 271 2.01621
14 257 2.27084
164 473 1.93784
365 365 2.01621
166 407 1.86252
300 168 1.93784
256 154 1.97663
471 313 1.93784
66 496 2.27084
335 335 1.97663
202 210 1.72054
104 104 2.01621
85 85 1.97663
213 213 2.01621
146 257 1.8998
81 81 2.01621
35 291 1.97663
238 419 2.05657
322 292 1.8998
296 296 1.97663
437 360 1.86252
265 87 2.31631
312 305 2.31631
288 170 2.13974
243 325 1.79012
317 317 1.97663
419 238 1.93784
345 78 1.8998
186 53 1.93784
104 462 1.75499
85 137 1.97663
230 202 2.05657
154 120 2.05657
271 457 2.13974
62 210 2.05657
453 494 2.13974
20 334 1.86252
28 396 2.27084
239 386 1.93784
246 246 2.01621
387 343 2.01621
405 48 2.05657
392 392 2.01621
343 343 2.01621
48 48 2.01621
490 392 2.01621
500 425 2.01621
137 22 2.18258
227 227 2.01621
396 28 1.79012
85 405 1.93784
124 202 1.8998
13 378 1.8998
380 96 1.93784
421 83 1.86252
28 191 2.09774
120 256 1.8998
239 239 2.01621
312 312 2.01621
221 452 1.86252
284 26 2.09774
168 168 2.01621
365 6 2.09774
494 494 2.01621
191 191 2.01621
325 257 2.31631
150 154 1.86252
82 315 2.09774
257 452 1.93784
190 190 2.01621
160 160 2.01621
257 257 2.01621
458 246 1.8998
44 55 1.93784
419 419 2.01621
69 296 1.75499
252 474 2.09774
74 256 1.82596
325 14 2.01621
474 88 2.05657
344 344 2.01621
246 458 2.09774
88 88 1.97663
194 257 2.13974
334 20 2.13974
372 316 2.01621
431 179 2.18258
392 490 1.97663
162 84 2.05657
265 227 2.22627
490 490 1.97663
114 114 2.01621
39 39 2.01621
453 453 1.97663
12 291 1.97663
154 256 2.05657
23 23 1.97663
248 332 1.86252
22 137 1.86252
26 26 2.01621
45 407 2.01621
429 288 1.93784
335 333 1.97663
407 45 1.97663
96 96 2.01621
458 458 1.97663
409 315 2.27084
243 14 1.82596
246 265 1.8998
35 88 2.05657
112 406 1.97663
405 405 1.97663
376 78 2.01621
494 453 1.8998
137 257 2.13974
55 254 1.93784
457 344 1.8998
48 405 1.93784
139 207 2.36268
361 48 1.97663
197 192 2.05657
481 481 1.97663
429 429 2.01621
405 179 1.93784
143 295 2.05657
397 397 1.97663
292 292 2.01621
296 69 2.27084
221 323 1.79012
331 39 2.13974
160 135 1.93784
257 194 1.8998
66 39 2.05657
97 273 2.13974
282 405 1.97663
449 449 2.01621
143 143 1.97663
288 288 1.97663
26 335 1.93784
369 369 2.01621
23 119 1.93784
441 452 1.93784
168 448 2.22627
441 257 2.05657
458 265 1.82596
244 244 1.97663
39 66 1.93784
120 154 1.93784
316 316 1.97663
323 30 1.8998
227 265 1.79012
232 88 1.93784
194 194 2.01621
284 284 2.01621
55 55 2.01621
243 243 2.01621
25 392 1.97663
315 82 1.8998
69 69 1.97663
490 25 2.01621
293 448 2.05657
292 267 1.97663
392 25 2.01621
423 423 2.01621
100 441 1.8998
452 452 1.97663
168 163 2.22627
194 137 1.97663
404 433 1.8998
63 124 2.36268
119 23 2.05657
83 421 2.09774
162 78 2.05657
74 421 1.79012
66 66 1.97663
78 78 2.01621
239 137 1.93784
39 331 1.86252
21 114 2.05657
112 397 2.09774
95 323 1.8998
217 328 2.05657
265 265 2.01621
154 154 2.01621
481 28 2.01621
25 490 1.97663
373 373 2.01621
465 55 2.13974
137 137 1.97663
344 81 2.09774
385 385 2.01621
100 433 1.86252
242 81 1.93784
244 50 2.01621
96 137 1.93784
361 179 1.86252
425 425 2.01621
441 441 2.01621
373 26 1.93784
4 4 2.01621
384 384 2.01621
119 119 2.01621
332 332 1.97663
26 333 1.93784
331 331 1.97663
407 407 2.01621
417 23 1.8998
471 243 2.13974
114 378 1.97663
452 441 2.05657
54 54 2.01621
254 254 1.97663
124 117 1.65367
122 192 2.13974
342 369 2.05657
30 30 2.01621
334 479 1.97663
486 486 2.01621
457 81 2.01621
23 417 2.09774
28 28 2.01621
267 292 2.01621
15 15 2.01621
254 55 2.05657
433 433 1.97663
339 50 1.72054
55 465 1.8998
434 186 2.05657
25 25 2.01621
114 328 1.97663
434 429 2.09774
323 323 1.97663
162 162 1.97663
267 267 1.97663
119 195 2.09774
328 378 2.01621
30 452 2.09774
188 192 2.09774
474 474 2.01621
195 119 1.8998
334 334 2.01621
328 328 1.97663
186 186 2.01621
285 333 2.05657
465 465 2.01621
456 96 2.09774
181 181 2.01621
35 35 2.01621
429 434 1.8998
421 421 1.97663
252 252 1.97663
417 417 1.97663
471 471 1.97663
88 35 1.93784
373 333 1.86252
475 490 2.01621
300 316 2.01621
30 323 2.09774
333 373 2.13974
155 486 2.13974
195 195 2.01621
284 286 1.97663
21 328 2.05657
271 81 2.09774
333 26 2.05657
300 300 2.01621
132 220 2.01621
395 285 1.97663
139 300 2.09774
220 220 2.01621
286 284 2.01621
486 155 1.86252
192 188 1.8998
15 107 2.01621
463 463 1.97663
417 103 1.93784
285 285 1.97663
463 409 2.05657
494 252 1.65367
197 197 2.01621
212 408 2.13974
445 445 2.01621
107 384 2.05657
254 253 1.97663
395 395 2.01621
103 417 2.05657
212 463 2.05657
434 434 2.01621
384 107 1.93784
212 212 1.97663
299 333 2.09774
419 408 1.65367
474 252 1.8998
186 434 1.97663
285 395 2.01621
342 155 2.13974
103 103 2.01621
333 333 2.01621
409 409 2.01621
103 252 1.65367
329 490 2.01621
155 155 2.01621
274 15 1.93784
266 107 2.18258
498 253 1.8998
107 107 2.01621
122 197 2.01621
209 209 2.01621
348 285 2.09774
192 122 1.86252
209 481 2.27084
348 348 2.01621
266 266 1.97663
424 424 2.01621
475 475 2.01621
445 122 2.13974
342 342 1.97663
456 456 2.01621
286 286 2.01621
409 463 1.93784
450 450 2.01621
188 333 1.93784
354 190 1.97663
197 122 1.97663
410 41 2.09774
191 28 1.8998
299 348 2.01621
135 160 2.09774
31 12 1.79012
19 132 1.93784
263 293 1.97663
317 190 1.79012
188 188 2.01621
37 487 2.09774
245 346 2.05657
122 122 2.01621
427 493 1.82596
487 487 2.01621
274 107 2.01621
487 37 1.8998
346 346 2.01621
15 274 1.97663
163 448 1.97663
62 462 2.01621
19 456 2.09774
448 163 2.01621
62 62 2.01621
395 299 1.8998
448 448 2.01621
493 493 2.01621
329 475 2.01621
213 82 2.36268
230 230 2.01621
220 132 2.01621
117 332 1.86252
198 346 1.97663
384 274 1.8998
160 244 1.93784
37 37 1.97663
132 132 2.01621
425 465 1.8998
198 198 2.01621
456 19 1.93784
372 408 1.97663
184 184 1.97663
266 274 2.13974
157 12 1.93784
263 263 1.97663
348 299 1.97663
481 209 1.79012
135 135 2.01621
19 19 2.01621
289 213 1.75499
155 342 1.86252
172 172 1.97663
329 329 2.01621
346 198 2.05657
475 329 1.97663
312 369 2.05657
130 130 2.01621
299 299 2.01621
316 244 2.05657
202 202 1.97663
132 19 2.09774
385 409 1.86252
346 245 1.93784
220 19 2.09774
82 82 1.97663
393 493 1.97663
234 234 2.01621
274 274 2.01621
12 12 2.01621
107 274 1.97663
372 372 2.01621
393 393 1.97663
2 450 1.8998
115 115 2.01621
139 139 1.97663
403 172 1.97663
50 244 1.97663
198 362 1.82596
383 231 1.82596
305 252 1.72054
38 198 2.18258
340 340 2.01621
213 176 2.01621
38 38 1.97663
289 289 2.01621
428 340 1.8998
38 346 2.13974
467 467 2.01621
50 135 1.97663
41 41 1.97663
408 289 1.97663
176 176 2.01621
41 202 1.97663
383 383 2.01621
50 50 2.01621
362 362 2.01621
289 408 1.97663
172 403 2.01621
362 234 1.65367
231 231 1.97663
234 362 2.40998
183 183 2.01621
340 428 2.09774
438 372 2.18258
362 198 2.18258
413 413 2.01621
428 428 2.01621
41 63 1.72054
258 258 2.01621
63 63 1.97663
223 245 1.93784
450 2 2.13974
117 63 2.05657
223 223 1.97663
5 5 2.01621
438 63 2.18258
223 346 2.01621
258 107 2.45823
403 403 2.01621
245 245 1.97663
46 46 2.01621
228 228 2.01621
245 223 2.01621
260 260 2.01621
258 15 2.40998
115 468 1.86252
468 115 2.09774
63 117 1.93784
176 213 1.97663
407 46 1.86252
408 372 2.01621
369 342 1.97663
176 82 2.31631
135 50 2.05657
115 427 1.93784
385 228 1.79012
161 50 1.75499
164 164 1.97663
46 407 2.18258
228 385 2.27084
410 410 2.01621
2 2 2.01621
97 97 2.01621
145 135 1.75499
408 408 2.01621
117 117 2.01621
207 117 1.62121
316 372 1.97663
273 97 1.8998
410 483 2.05657
332 117 2.13974
45 409 1.75499
468 468 2.01621
82 97 1.97663
97 82 2.01621
483 483 2.01621
293 293 1.97663
315 463 1.68677
163 163 2.01621
