1437
472 336 1.78341
454 415 1.78341
8 345 1.67971
147 126 1.89352
454 454 1.71359
8 330 1.81938
401 89 1.81938
108 108 1.6465
129 13 1.71359
439 491 1.74815
79 225 2.01042
343 387 1.74815
180 126 1.81938
108 225 1.81938
295 451 1.67971
147 233 1.81938
447 108 1.58204
253 498 1.81938
79 404 1.78341
269 108 1.71359
387 13 1.71359
53 0 1.97067
173 173 1.67971
387 199 1.78341
79 301 1.85608
275 173 1.67971
330 330 1.74815
219 225 1.78341
149 108 1.67971
345 330 1.78341
432 73 1.71359
447 225 1.67971
381 381 1.67971
439 367 1.78341
454 133 1.61395
345 345 1.6465
303 336 1.93171
133 415 1.89352
451 381 1.67971
219 173 1.85608
287 89 1.81938
330 13 1.6465
81 368 1.81938
33 89 1.67971
199 129 1.58204
319 336 1.85608
225 225 1.67971
8 8 1.81938
89 89 1.81938
415 415 1.78341
199 13 1.61395
275 141 1.85608
113 156 1.85608
199 199 1.6465
251 415 1.61395
478 156 1.61395
422 498 1.67971
152 371 1.71359
140 492 1.78341
422 500 1.71359
491 89 1.78341
432 357 1.93171
1 27 1.97067
387 129 1.71359
225 173 1.78341
364 27 1.85608
143 199 1.71359
149 225 1.78341
42 42 1.78341
108 241 1.74815
126 126 1.81938
1 29 1.89352
251 251 1.71359
439 134 1.78341
182 364 1.89352
326 211 1.74815
432 177 1.74815
182 29 1.85608
303 389 1.78341
294 206 1.74815
364 29 1.6465
9 9 1.71359
109 89 1.89352
27 27 1.74815
9 47 1.55076
482 336 1.71359
102 42 1.78341
148 89 1.74815
297 287 1.71359
214 214 1.71359
321 338 1.74815
32 336 1.93171
102 102 1.71359
301 173 1.85608
118 43 1.71359
102 454 1.93171
105 173 2.1776
287 389 1.89352
171 111 1.34845
53 241 1.89352
297 489 1.78341
353 126 1.46058
126 233 1.78341
472 226 1.67971
17 16 1.71359
78 330 1.78341
147 148 1.67971
324 70 1.67971
152 308 1.78341
129 129 1.67971
319 211 1.61395
500 500 1.6465
152 177 1.85608
64 211 1.67971
359 44 1.67971
93 73 1.74815
401 389 1.89352
92 330 1.81938
338 226 1.67971
321 125 1.78341
13 13 1.74815
80 233 1.78341
75 489 1.74815
422 388 1.78341
33 389 1.74815
326 125 1.78341
27 102 1.71359
485 336 1.81938
326 390 1.78341
287 390 1.81938
351 58 1.81938
336 336 1.74815
364 216 1.71359
206 206 1.6465
180 389 1.81938
217 217 1.71359
275 275 1.71359
375 89 1.89352
173 275 1.71359
363 147 1.74815
272 336 1.71359
241 72 1.85608
32 389 1.78341
489 389 1.78341
42 411 1.6465
338 278 1.67971
310 336 1.71359
17 17 1.67971
140 283 1.74815
303 226 1.81938
500 364 1.67971
469 338 1.81938
75 167 1.71359
214 224 1.71359
389 336 1.74815
318 336 1.74815
376 13 1.67971
321 236 1.74815
125 211 1.6465
47 47 1.67971
222 367 1.78341
233 336 1.81938
101 101 1.6465
264 91 1.6465
472 482 1.78341
270 129 1.74815
501 338 1.74815
64 125 1.71359
484 314 1.6465
89 389 1.89352
118 390 1.78341
9 17 1.58204
134 336 1.85608
118 125 1.78341
91 91 1.71359
319 226 1.74815
491 389 1.85608
311 361 1.93171
446 201 1.85608
304 336 1.93171
469 125 1.85608
201 459 1.58204
394 43 1.93171
113 356 1.74815
229 336 1.78341
133 402 1.71359
29 29 1.6465
77 89 1.74815
382 382 1.78341
455 89 1.74815
501 125 1.78341
53 53 1.67971
51 126 1.93171
167 211 1.74815
308 91 1.93171
182 216 1.78341
356 43 1.85608
169 58 1.78341
148 389 1.81938
259 187 1.74815
402 402 1.67971
262 126 1.71359
320 27 2.09234
93 177 1.78341
159 336 1.89352
47 16 1.71359
484 59 1.89352
378 129 1.81938
278 226 1.67971
110 336 1.81938
308 398 1.78341
222 134 1.78341
478 167 1.55076
447 219 1.58204
401 142 1.74815
129 92 1.78341
93 374 1.67971
327 411 1.81938
338 229 1.71359
493 454 2.40625
60 390 1.93171
484 391 1.67971
467 467 1.71359
255 89 1.85608
280 148 1.71359
430 430 1.67971
1 216 1.85608
492 492 1.67971
339 339 1.67971
436 16 1.93171
32 226 1.81938
264 264 1.71359
217 21 1.74815
278 278 1.61395
225 241 1.67971
27 216 1.71359
226 336 1.85608
219 219 1.67971
68 251 2.01042
156 338 1.6465
241 241 1.67971
16 16 1.71359
367 226 1.67971
201 201 1.71359
215 491 1.85608
462 58 1.89352
123 339 1.58204
180 482 1.89352
324 215 1.6465
173 307 1.74815
268 148 1.74815
167 390 1.78341
84 84 1.81938
314 167 1.93171
347 89 1.74815
370 358 1.89352
298 147 1.85608
436 324 1.5201
47 17 1.67971
367 278 1.6465
109 390 1.89352
29 27 1.81938
215 148 1.67971
156 125 1.67971
455 336 1.93171
196 91 1.89352
125 278 1.78341
272 226 1.61395
294 432 1.67971
86 489 1.6465
353 357 1.61395
251 102 1.43171
175 352 1.78341
390 89 1.78341
42 478 1.6465
175 278 1.89352
497 500 1.61395
310 226 1.61395
33 482 1.81938
322 74 1.81938
336 226 1.67971
167 226 1.89352
320 320 1.74815
133 133 1.71359
60 347 1.85608
339 123 1.78341
89 347 1.81938
127 336 1.93171
65 91 1.89352
356 390 1.93171
482 482 1.81938
301 301 1.6465
126 347 1.74815
485 226 1.71359
123 123 1.67971
280 358 1.85608
370 347 1.89352
351 152 1.78341
64 159 1.71359
356 125 1.93171
206 357 1.78341
80 127 1.74815
480 367 1.67971
105 301 1.89352
478 73 1.67971
148 226 1.85608
382 125 1.67971
363 215 1.71359
460 492 1.71359
442 367 1.71359
297 64 1.81938
394 476 1.78341
327 460 1.6465
389 226 1.6465
318 226 1.6465
16 17 1.71359
233 226 1.71359
489 318 1.71359
80 347 1.74815
237 165 1.67971
440 89 1.81938
237 374 1.78341
358 233 1.78341
109 347 1.81938
241 275 1.74815
268 127 1.89352
278 229 1.6465
304 226 1.81938
469 159 1.85608
134 226 1.74815
73 125 1.67971
411 371 1.6465
77 389 1.81938
59 211 1.6465
189 70 1.4034
480 175 1.67971
415 133 1.58204
34 492 1.71359
394 142 1.93171
60 426 1.78341
206 177 1.61395
501 159 1.78341
446 34 1.74815
149 219 1.67971
215 358 1.81938
56 294 1.49004
140 412 1.71359
370 440 1.74815
339 124 1.67971
461 134 1.71359
442 125 1.71359
430 72 1.71359
127 389 1.78341
489 159 1.71359
71 148 1.71359
222 159 1.78341
229 226 1.67971
353 272 1.4034
75 64 1.78341
442 175 1.71359
276 75 1.6465
402 308 1.6465
134 278 1.74815
381 84 1.6465
201 442 1.58204
125 229 1.81938
359 359 1.71359
443 347 1.74815
367 229 1.67971
399 13 1.67971
110 226 1.71359
235 367 1.74815
341 464 1.78341
294 196 1.71359
482 34 1.97067
131 338 1.85608
237 49 1.67971
283 491 1.67971
52 430 1.67971
51 148 1.71359
175 229 1.93171
238 294 1.67971
280 440 1.71359
476 226 1.81938
363 165 1.74815
218 484 1.71359
352 278 1.78341
138 402 1.67971
110 352 1.61395
159 226 1.78341
301 275 1.85608
375 127 1.85608
352 352 1.67971
415 353 1.6465
491 159 1.78341
492 283 1.67971
158 491 1.74815
272 229 1.6465
233 482 1.78341
347 389 1.81938
61 491 1.74815
480 236 1.6465
171 268 1.22032
310 229 1.6465
485 229 1.74815
59 125 1.67971
236 352 1.6465
460 491 1.71359
459 459 1.85608
236 278 1.74815
336 229 1.6465
94 121 1.74815
235 175 1.74815
476 278 1.81938
166 166 1.71359
86 134 1.78341
226 226 1.74815
398 459 1.85608
236 236 1.61395
156 318 1.67971
104 152 1.55076
240 367 1.74815
443 482 1.89352
187 187 1.71359
374 185 1.6465
461 32 1.67971
418 206 1.78341
320 275 2.45478
211 211 1.71359
430 366 1.74815
142 211 1.71359
324 460 1.6465
496 294 1.5201
318 229 1.67971
113 501 1.74815
178 178 1.6465
389 229 1.67971
71 358 1.85608
291 291 1.67971
99 99 1.58204
262 283 1.78341
283 283 1.67971
264 374 1.46058
349 125 1.78341
455 226 1.81938
171 280 1.24493
398 398 1.78341
344 271 1.71359
349 175 1.78341
314 426 1.93171
308 374 1.67971
304 229 1.85608
298 215 1.81938
390 211 1.74815
341 355 1.71359
240 125 1.74815
352 229 1.81938
461 318 1.71359
71 347 1.85608
314 60 1.81938
224 224 1.71359
391 167 1.89352
229 229 1.71359
309 491 1.78341
127 226 1.81938
375 440 1.74815
382 229 1.81938
411 411 1.81938
249 233 1.85608
31 31 1.71359
73 318 1.67971
277 211 1.78341
411 374 1.74815
495 206 1.74815
208 491 1.78341
105 105 1.67971
70 215 1.6465
479 20 1.89352
444 489 1.74815
131 236 1.89352
476 229 1.85608
402 196 1.71359
183 324 1.4034
268 272 1.89352
17 268 1.27004
99 196 1.4034
61 127 1.71359
224 106 1.78341
179 239 1.89352
235 235 1.74815
374 480 1.74815
406 105 1.85608
159 229 1.81938
34 283 1.67971
81 239 1.85608
250 454 2.09234
459 125 1.78341
429 404 1.85608
464 287 1.67971
200 200 1.81938
58 58 1.78341
189 298 1.32179
11 489 1.74815
91 412 1.49004
414 358 1.93171
366 430 1.61395
73 159 1.67971
142 226 1.85608
277 367 1.81938
124 124 1.71359
446 446 1.78341
211 226 1.85608
104 206 1.78341
374 374 1.74815
240 236 1.71359
437 206 1.81938
388 359 1.67971
426 175 1.78341
379 337 1.74815
226 229 1.78341
358 358 1.74815
344 457 1.74815
262 482 1.81938
358 127 1.74815
196 308 1.71359
359 497 1.81938
412 235 1.81938
106 224 1.67971
29 216 1.74815
414 347 1.93171
337 386 1.89352
347 347 1.71359
51 440 1.71359
418 294 1.6465
203 140 1.61395
142 352 1.74815
65 169 1.67971
210 470 2.01042
426 226 1.89352
437 187 1.81938
216 17 1.81938
77 318 1.74815
177 73 1.71359
499 222 1.4034
146 146 1.58204
3 134 1.85608
131 240 1.78341
52 141 1.78341
255 142 1.78341
360 58 1.89352
337 337 1.71359
390 175 1.78341
330 8 1.71359
6 368 1.97067
444 167 1.71359
388 388 1.71359
61 32 1.74815
65 177 1.74815
438 415 2.22152
86 64 1.67971
106 106 1.67971
153 61 1.71359
426 352 1.78341
371 464 1.78341
70 374 1.81938
141 430 1.6465
11 491 1.85608
412 240 1.67971
94 469 1.71359
57 287 1.74815
412 480 1.71359
56 99 1.74815
208 134 1.81938
495 294 1.6465
144 287 1.85608
59 159 1.67971
138 224 1.67971
355 109 1.67971
391 255 1.81938
492 472 1.6465
218 469 1.61395
158 235 1.78341
451 143 1.67971
255 426 1.71359
391 476 1.85608
354 167 1.74815
487 16 1.85608
43 43 1.85608
16 436 1.58204
351 169 1.89352
185 185 1.67971
425 500 1.71359
238 495 1.6465
466 354 1.74815
3 32 1.81938
470 464 1.61395
203 327 1.67971
67 215 1.67971
177 310 1.74815
327 190 1.49004
459 357 1.97067
94 18 1.81938
435 177 1.97067
355 287 1.78341
91 446 1.67971
499 353 1.74815
177 177 1.74815
487 171 1.74815
414 440 1.78341
123 161 1.61395
357 240 1.61395
98 491 1.89352
0 0 1.74815
68 52 2.09234
290 485 1.74815
221 95 1.58204
247 247 1.74815
298 460 1.81938
49 485 1.71359
366 72 1.67971
357 480 1.6465
282 282 1.6465
185 235 1.85608
416 367 1.97067
238 196 1.74815
435 374 1.85608
349 159 1.78341
221 221 1.61395
276 298 1.67971
279 443 1.81938
196 196 1.6465
341 33 1.71359
211 229 1.89352
470 470 1.71359
498 498 1.67971
204 127 1.78341
397 301 1.93171
68 68 1.74815
440 142 1.74815
169 169 1.74815
309 485 1.71359
202 187 1.71359
496 99 1.78341
440 32 1.78341
468 224 1.81938
187 151 1.6465
283 472 1.6465
462 371 1.89352
371 374 1.85608
161 339 1.74815
204 358 1.78341
263 448 1.78341
128 287 1.78341
158 64 1.67971
70 460 1.6465
473 124 1.67971
460 472 1.67971
216 102 1.71359
420 489 1.89352
444 255 1.6465
76 353 1.89352
204 347 1.78341
83 74 2.09234
462 57 1.74815
420 287 1.81938
470 177 1.78341
90 358 1.89352
464 73 1.85608
24 401 1.71359
281 52 2.35867
34 34 1.71359
6 365 1.74815
273 248 1.55076
416 476 1.74815
169 177 1.93171
388 497 1.67971
249 358 1.81938
371 501 1.67971
423 214 1.71359
249 127 1.81938
67 309 1.78341
92 282 1.58204
290 64 1.74815
111 443 1.74815
84 162 1.74815
435 412 1.78341
111 61 1.71359
203 203 1.74815
174 215 1.78341
404 0 1.81938
161 123 1.74815
153 290 1.78341
43 125 1.93171
252 291 1.74815
416 236 1.93171
116 127 1.85608
315 315 1.67971
56 56 1.58204
116 358 1.85608
13 129 1.71359
98 358 1.85608
398 501 1.58204
291 150 1.89352
292 365 1.74815
3 64 1.74815
437 169 1.67971
20 20 1.81938
98 127 1.85608
57 255 1.71359
248 248 1.6465
269 170 1.71359
143 381 1.71359
277 159 1.81938
0 404 1.71359
43 476 1.71359
436 276 1.58204
0 72 1.74815
309 472 1.74815
36 327 1.58204
72 72 1.71359
11 485 1.78341
259 259 1.81938
366 366 1.67971
145 145 1.78341
174 439 1.85608
52 52 1.71359
49 49 1.6465
379 379 1.81938
466 466 1.78341
90 440 1.74815
418 495 1.61395
153 33 1.71359
141 141 1.71359
58 70 1.74815
420 148 1.81938
379 322 1.81938
208 272 1.74815
464 485 1.78341
457 457 1.71359
281 250 1.74815
57 444 1.78341
282 242 1.71359
104 65 1.6465
493 250 2.05097
404 404 1.78341
377 401 1.74815
253 378 1.74815
116 440 1.71359
302 302 1.81938
376 129 1.6465
72 366 1.71359
210 446 1.89352
399 399 1.67971
354 240 1.78341
495 495 1.61395
44 232 1.71359
256 120 1.81938
184 218 1.67971
306 498 1.71359
290 290 1.67971
242 242 1.67971
260 214 2.35867
24 144 1.81938
325 447 2.09234
216 216 1.71359
128 375 1.71359
337 322 1.85608
40 40 1.6465
400 400 1.74815
85 239 1.78341
313 157 1.67971
443 204 1.78341
477 477 1.74815
21 21 1.71359
431 365 1.78341
354 64 1.81938
305 305 1.61395
179 137 1.81938
279 90 1.74815
76 76 1.61395
95 95 1.6465
136 375 1.74815
369 40 2.09234
174 158 1.71359
6 6 1.81938
76 499 1.71359
279 98 1.74815
187 446 1.67971
427 402 1.89352
49 33 1.58204
457 242 1.78341
483 248 1.46058
165 298 1.67971
243 53 1.61395
270 378 1.67971
111 33 1.71359
406 170 1.93171
37 47 1.81938
151 165 1.71359
95 221 1.67971
145 250 1.6465
419 495 1.6465
151 151 1.74815
345 92 1.74815
257 221 1.71359
24 414 1.71359
305 312 1.34845
190 326 1.93171
67 33 1.71359
205 205 1.71359
218 416 1.71359
323 95 1.67971
205 350 1.71359
83 83 1.74815
496 496 1.58204
36 36 1.74815
323 221 1.71359
302 169 1.74815
499 478 1.61395
479 479 1.78341
58 371 1.78341
378 378 1.78341
170 170 1.71359
302 470 1.89352
396 396 1.71359
151 49 1.71359
365 368 1.89352
369 312 1.71359
355 355 1.74815
368 368 1.74815
36 499 1.71359
377 420 1.74815
112 112 1.71359
162 376 1.81938
377 414 1.74815
81 81 1.71359
205 36 1.71359
311 405 1.85608
144 304 1.78341
350 324 1.5201
7 215 1.81938
227 106 1.61395
189 189 1.61395
128 304 1.71359
124 189 1.74815
202 151 1.61395
136 304 1.74815
106 138 1.71359
184 469 1.61395
400 255 1.85608
477 87 1.74815
316 168 1.67971
322 322 1.78341
315 163 1.78341
210 210 1.78341
179 179 1.74815
376 92 1.74815
317 464 1.81938
311 179 1.81938
270 328 1.6465
276 276 1.71359
256 256 1.71359
40 193 1.58204
121 174 1.67971
7 165 1.85608
138 138 1.71359
273 273 1.67971
431 6 1.89352
378 328 1.74815
185 416 1.55076
166 246 1.46058
498 306 1.67971
259 202 1.85608
74 74 1.78341
44 44 1.78341
121 121 1.74815
90 98 1.74815
150 150 1.71359
248 273 1.78341
400 116 1.78341
368 365 1.61395
305 193 1.58204
7 49 1.85608
365 365 1.71359
45 45 1.71359
399 129 1.6465
269 288 1.58204
281 281 1.85608
84 343 1.71359
150 120 1.67971
18 121 1.71359
78 8 1.74815
30 95 1.71359
357 416 1.46058
295 295 1.71359
307 275 1.67971
184 432 1.81938
253 253 1.67971
141 307 1.67971
250 250 1.74815
452 221 1.78341
468 238 1.93171
487 36 1.67971
431 431 1.78341
207 248 1.43171
183 189 1.74815
30 221 1.78341
157 157 1.74815
164 124 1.71359
497 388 1.71359
72 307 1.67971
161 161 1.71359
295 143 1.67971
419 496 1.71359
18 469 1.67971
88 291 1.61395
386 386 1.67971
230 259 1.81938
78 92 1.81938
261 261 1.74815
313 313 1.67971
55 261 1.85608
335 26 1.85608
393 87 2.26633
165 280 1.61395
192 192 1.74815
448 168 1.49004
488 60 1.89352
178 487 1.46058
473 473 1.67971
144 455 1.81938
85 85 1.67971
427 196 1.85608
488 355 1.93171
20 479 1.67971
41 446 1.55076
190 290 1.97067
477 483 1.74815
18 18 1.78341
136 455 1.78341
284 26 1.85608
207 207 1.74815
350 350 1.78341
292 337 1.81938
306 306 1.74815
121 18 1.81938
92 92 1.85608
292 239 1.97067
438 438 1.67971
423 448 1.71359
48 361 1.85608
350 436 1.71359
291 35 1.74815
120 74 1.85608
466 190 1.74815
451 343 1.6465
322 154 1.6465
165 80 1.67971
381 343 1.6465
85 137 1.6465
449 370 1.89352
232 232 1.74815
406 288 1.81938
488 488 1.71359
163 168 1.49004
256 154 1.71359
10 414 1.85608
300 168 1.71359
441 221 1.81938
10 370 1.85608
244 316 1.67971
170 288 1.61395
449 51 1.97067
497 497 1.67971
392 307 1.81938
10 136 1.93171
423 163 1.74815
25 307 1.81938
190 190 1.74815
183 435 1.37565
242 386 1.71359
449 268 1.74815
500 425 1.71359
335 335 1.81938
193 193 1.71359
361 22 1.71359
87 87 1.74815
473 164 1.74815
271 368 1.85608
146 257 1.55076
343 162 1.81938
419 419 1.55076
112 170 1.85608
494 305 1.61395
313 193 1.81938
146 452 1.58204
421 83 1.67971
468 468 1.74815
307 307 1.71359
55 386 1.74815
22 261 1.81938
124 202 1.61395
230 202 1.81938
170 429 1.67971
100 100 1.74815
427 427 1.61395
221 452 1.58204
195 106 1.67971
331 39 1.67971
83 256 1.81938
250 281 1.89352
227 227 1.6465
154 120 1.74815
448 448 1.6465
334 20 1.89352
12 157 1.74815
14 14 1.67971
39 39 1.6465
284 284 1.78341
35 88 1.67971
22 22 1.78341
87 227 1.6465
474 291 1.74815
429 288 1.67971
288 170 1.85608
88 88 1.71359
368 337 1.61395
261 452 1.67971
13 378 1.6465
365 337 1.71359
261 257 1.67971
306 422 1.74815
335 333 1.78341
246 246 1.67971
296 296 1.67971
14 194 1.78341
150 154 1.6465
28 396 1.93171
344 81 1.74815
458 246 1.61395
139 207 1.97067
386 486 1.4034
154 256 1.67971
191 396 1.85608
325 14 1.67971
429 429 1.6465
312 305 2.09234
392 392 1.74815
14 186 1.89352
82 315 1.78341
25 392 1.71359
39 66 1.58204
160 160 1.78341
331 331 1.55076
257 257 1.71359
143 143 1.67971
257 452 1.67971
271 6 1.74815
45 407 1.74815
246 458 1.74815
194 452 1.71359
316 300 1.71359
239 386 1.67971
194 257 1.81938
312 312 1.67971
243 243 1.71359
380 380 1.81938
55 55 1.67971
239 337 1.58204
178 12 1.4034
385 45 1.81938
239 239 1.74815
23 23 1.6465
114 422 1.81938
39 331 1.55076
458 458 1.67971
369 369 1.67971
23 15 1.78341
186 100 1.78341
191 191 1.78341
120 120 1.78341
397 397 1.71359
425 497 1.78341
405 85 1.81938
26 26 1.81938
343 343 1.74815
361 292 1.58204
112 397 1.74815
474 88 1.74815
405 137 1.78341
74 256 1.6465
88 256 1.6465
325 194 1.74815
66 39 1.78341
217 328 1.74815
282 179 1.67971
246 265 1.58204
50 339 1.97067
23 119 1.61395
494 494 1.74815
244 244 1.71359
194 194 1.71359
421 256 1.6465
45 385 1.67971
490 392 1.74815
286 335 1.85608
407 45 1.71359
452 452 1.67971
458 265 1.55076
315 82 1.61395
457 81 1.67971
154 154 1.67971
463 26 2.05097
323 323 1.6465
242 179 1.74815
12 291 1.6465
441 452 1.6465
361 267 1.61395
316 316 1.71359
26 335 1.78341
48 48 1.85608
332 248 1.81938
69 296 1.55076
288 288 1.71359
157 313 1.67971
66 66 1.71359
405 405 1.74815
40 369 1.37565
453 453 1.71359
334 479 1.71359
328 311 1.6465
392 25 1.71359
288 429 1.81938
252 103 2.05097
286 284 1.81938
25 25 1.71359
114 114 1.81938
74 154 1.58204
22 137 1.61395
21 114 1.81938
66 331 1.67971
490 490 1.78341
300 300 1.74815
417 23 1.6465
307 25 1.61395
35 35 1.67971
119 23 1.78341
100 441 1.6465
21 254 1.61395
54 54 1.71359
404 433 1.6465
212 227 2.1776
284 286 1.74815
30 323 1.61395
254 254 1.71359
119 15 1.81938
452 323 1.6465
342 369 1.71359
100 433 1.61395
384 384 1.61395
465 254 1.71359
267 239 2.01042
421 421 1.67971
35 465 1.6465
48 267 1.78341
26 333 1.74815
28 481 1.78341
195 119 1.61395
334 334 1.74815
232 88 1.71359
181 181 1.74815
69 69 1.74815
168 168 1.74815
119 119 1.74815
433 452 1.74815
254 55 1.81938
471 421 1.6465
441 441 1.71359
28 28 1.74815
471 474 1.61395
490 25 1.74815
481 481 1.81938
220 220 1.61395
120 154 1.67971
162 78 1.81938
380 96 1.81938
188 192 1.81938
465 55 1.85608
471 471 1.61395
243 103 1.67971
252 252 1.71359
96 96 1.81938
15 15 1.71359
44 465 1.67971
132 220 1.61395
227 212 1.29566
168 448 1.93171
433 441 1.81938
87 212 1.29566
139 300 1.78341
195 195 1.67971
192 333 1.6465
474 474 1.71359
186 186 1.74815
373 373 1.78341
486 486 1.78341
333 26 1.81938
271 81 1.74815
463 409 1.78341
395 285 1.74815
373 26 1.71359
409 45 1.97067
433 433 1.78341
417 417 1.6465
114 328 1.74815
137 239 2.01042
186 154 1.55076
162 162 1.71359
267 137 1.85608
192 188 1.67971
465 465 1.78341
333 335 1.78341
274 384 1.71359
254 465 1.67971
417 103 1.6465
265 227 1.89352
463 463 1.71359
15 107 1.71359
286 286 1.74815
232 474 1.6465
434 452 1.71359
137 96 1.97067
260 212 1.81938
456 441 1.85608
445 445 1.74815
498 253 1.61395
384 107 1.6465
475 490 1.74815
328 405 1.78341
373 333 1.6465
395 395 1.74815
168 163 1.93171
333 333 1.74815
285 285 1.74815
328 328 1.78341
265 265 1.71359
267 267 1.81938
212 212 1.67971
395 348 1.6465
494 252 1.43171
155 155 1.6465
137 137 1.81938
266 266 1.71359
486 155 1.6465
103 417 1.71359
285 395 1.74815
212 463 1.71359
434 441 1.78341
197 197 1.81938
409 385 1.85608
274 107 1.6465
285 348 1.67971
342 342 1.67971
96 456 1.58204
197 445 1.71359
300 139 1.6465
434 434 1.78341
188 333 1.71359
409 409 1.74815
220 132 1.6465
103 103 1.74815
228 26 2.13454
103 252 1.37565
188 188 1.78341
176 213 1.71359
107 384 1.74815
299 395 1.81938
424 424 1.74815
299 348 1.78341
132 132 1.6465
139 139 1.67971
197 122 1.81938
19 132 1.6465
260 260 1.78341
122 197 1.81938
456 456 1.6465
385 228 1.58204
15 258 1.4034
475 475 1.74815
385 385 1.78341
274 274 1.58204
19 456 1.6465
428 424 1.71359
107 107 1.67971
96 19 1.61395
481 209 1.61395
107 274 1.6465
380 19 1.61395
438 63 1.89352
289 289 1.67971
403 172 1.74815
329 329 1.74815
450 450 1.61395
220 19 1.61395
62 62 1.74815
456 19 1.6465
317 317 1.78341
263 293 1.67971
329 490 1.74815
317 204 1.71359
448 163 1.61395
19 19 1.6465
62 276 1.89352
263 263 1.61395
132 19 1.6465
360 360 1.81938
483 483 1.71359
122 445 1.71359
393 393 1.67971
163 163 1.6465
475 329 1.71359
493 493 1.71359
163 448 1.6465
299 299 1.71359
483 332 1.37565
202 202 1.81938
348 395 1.85608
207 483 1.67971
360 62 1.78341
122 122 1.81938
214 408 1.46058
41 41 1.71359
265 329 1.71359
230 230 1.78341
164 164 1.71359
348 348 1.81938
130 107 2.40625
410 281 1.71359
348 299 1.74815
293 448 1.71359
393 493 1.67971
329 475 1.74815
37 487 1.67971
41 202 1.67971
37 37 1.67971
425 425 1.67971
62 435 1.78341
193 369 1.49004
213 477 2.35867
164 202 1.61395
407 407 1.74815
213 213 1.74815
130 130 1.67971
312 494 2.22152
244 50 1.74815
145 135 1.55076
4 4 1.74815
248 117 1.6465
223 346 1.6465
191 28 1.71359
372 316 1.74815
410 410 1.71359
160 244 1.71359
273 97 1.58204
346 346 1.78341
213 483 2.35867
198 198 1.6465
97 273 1.74815
172 172 1.6465
50 161 1.93171
223 198 1.67971
340 340 1.67971
160 50 1.74815
245 198 1.67971
157 12 1.67971
82 82 1.67971
346 198 1.81938
234 234 1.6465
332 332 1.67971
245 346 1.6465
155 428 1.58204
135 135 1.74815
115 393 1.74815
209 234 1.61395
372 408 1.67971
410 41 1.81938
209 209 1.85608
293 263 1.67971
224 408 1.58204
82 97 1.6465
12 12 1.67971
362 198 1.81938
5 5 1.67971
245 245 1.58204
293 293 1.6465
258 107 2.09234
117 332 1.58204
115 493 1.67971
258 258 1.71359
130 274 2.40625
97 82 1.67971
383 383 1.71359
403 403 1.71359
38 38 1.61395
428 428 1.6465
117 63 1.74815
362 362 1.58204
408 289 1.71359
403 258 1.85608
407 46 1.61395
289 107 2.22152
289 164 2.05097
172 403 1.71359
413 2 1.74815
231 231 1.6465
115 115 1.71359
176 176 1.71359
63 63 1.67971
231 383 1.85608
413 413 1.81938
46 46 1.71359
50 50 1.71359
228 413 1.74815
46 407 1.89352
135 50 1.78341
450 2 1.67971
176 463 1.78341
135 244 1.74815
63 50 1.78341
2 2 1.6465
372 372 1.71359
228 228 1.78341
408 372 1.71359
97 97 1.6465
408 408 1.67971
332 117 1.78341
63 123 2.1776
