465
38 336 0.992745
58 173 0.992745
46 330 0.916747
59 277 0.653507
235 336 0.898675
28 330 0.935183
127 336 0.829879
59 148 0.653507
80 381 0.973174
61 336 0.766349
241 336 0.880959
80 101 0.992745
161 105 0.953989
234 336 0.829879
96 330 0.935183
59 304 0.627995
38 226 0.935183
219 451 0.973174
58 275 0.992745
36 336 0.813519
219 199 0.953989
167 251 1.05385
30 336 0.898675
71 489 0.751241
29 219 0.953989
38 482 0.992745
202 498 0.953989
205 415 0.992745
241 226 0.846567
28 8 0.935183
127 482 0.863592
113 13 0.898675
7 27 0.953989
30 226 0.846567
137 1 0.916747
151 91 0.935183
231 13 0.992745
234 482 0.863592
197 491 0.766349
80 84 0.935183
241 482 0.935183
116 304 0.736432
237 217 0.953989
131 91 0.935183
137 320 0.880959
76 92 0.916747
36 482 0.846567
43 278 0.78176
8 219 0.916747
146 226 1.07504
203 156 0.707683
58 307 1.07504
146 278 1.07504
71 148 0.721914
205 251 1.09666
168 336 0.953989
2 43 0.766349
246 251 1.03307
43 336 0.829879
71 126 0.813519
171 336 0.880959
2 277 0.707683
230 336 0.898675
30 229 0.846567
28 84 0.953989
43 229 0.797481
104 336 0.935183
93 29 0.880959
3 492 0.813519
61 482 0.797481
146 229 1.09666
119 400 0.707683
238 336 0.916747
33 336 0.898675
105 43 0.766349
205 123 1.11872
190 336 0.880959
116 394 0.721914
168 226 0.935183
93 27 0.916747
230 278 0.846567
169 336 0.953989
107 336 0.973174
197 485 0.736432
199 415 1.03307
124 336 0.935183
197 375 0.680056
64 379 0.973174
223 91 0.992745
203 492 0.766349
161 170 0.973174
119 356 0.766349
114 159 0.813519
64 322 0.973174
119 148 0.766349
114 125 0.813519
246 141 1.09666
116 455 0.751241
67 91 1.01271
167 52 1.09666
20 235 0.863592
2 142 0.766349
167 68 0.898675
20 442 0.898675
224 29 1.01271
22 336 0.973174
114 338 0.797481
178 131 0.721914
96 8 0.935183
230 229 0.863592
105 125 0.797481
96 92 0.935183
20 480 0.846567
224 9 1.18757
237 270 0.992745
133 336 0.935183
3 126 0.813519
70 330 0.935183
87 89 0.898675
213 126 0.829879
33 278 0.846567
158 229 0.953989
178 158 0.751241
104 278 0.863592
107 226 0.935183
3 283 0.813519
214 226 0.973174
190 226 0.846567
178 206 0.880959
171 482 0.935183
245 336 0.953989
144 125 0.813519
154 61 0.653507
83 336 0.992745
224 17 1.03307
154 180 0.666649
19 336 0.992745
144 338 0.797481
106 282 0.935183
77 226 0.992745
23 187 0.973174
238 226 0.898675
113 381 0.973174
121 367 0.880959
168 229 0.898675
138 336 0.973174
144 156 0.766349
190 482 0.935183
77 278 0.973174
123 264 0.992745
45 336 1.03307
61 446 0.916747
151 446 0.916747
154 208 0.666649
239 336 0.973174
73 492 0.829879
53 282 0.973174
171 34 1.01271
173 375 0.680056
46 8 0.935183
104 229 0.880959
121 175 0.880959
246 52 1.07504
33 229 0.846567
226 382 0.916747
93 216 0.916747
22 226 0.935183
120 201 1.11872
169 278 0.916747
202 247 0.863592
107 229 0.916747
106 242 0.846567
186 336 0.992745
121 235 0.880959
53 242 0.953989
214 229 0.935183
124 229 0.898675
141 364 0.880959
237 399 0.973174
124 482 1.01271
77 229 0.992745
133 226 0.898675
137 396 0.829879
14 157 1.76848
238 229 0.880959
251 320 0.813519
175 336 1.01271
11 278 0.880959
123 482 0.829879
219 143 0.973174
245 226 0.935183
23 437 0.935183
19 226 0.935183
83 226 0.953989
73 264 0.953989
169 229 0.916747
84 336 1.01271
73 201 0.916747
69 446 0.973174
22 229 0.935183
189 247 0.935183
54 454 0.953989
45 226 0.992745
120 482 0.973174
233 479 0.935183
173 208 0.707683
162 278 0.953989
79 278 0.916747
173 304 0.680056
138 278 0.916747
39 308 0.916747
213 32 0.813519
162 226 0.953989
55 273 0.992745
203 446 0.863592
138 352 0.880959
54 251 1.03307
76 378 0.935183
133 229 0.880959
106 311 0.935183
239 278 0.916747
226 125 0.863592
109 120 0.880959
189 191 0.973174
87 482 0.973174
163 322 0.992745
126 251 1.31188
14 375 1.16416
177 247 0.78176
213 318 0.829879
228 229 0.992745
212 261 0.935183
186 226 0.935183
120 34 1.07504
25 291 0.813519
245 229 0.898675
226 338 0.846567
159 166 1.01271
117 123 1.18757
14 352 1.07504
163 292 0.935183
19 229 0.935183
105 281 1.03307
135 247 0.813519
83 229 0.916747
67 446 0.992745
181 105 0.992745
45 229 0.973174
86 248 0.898675
142 301 1.07504
79 229 0.953989
151 202 1.01271
163 267 0.953989
76 328 0.935183
162 229 0.973174
141 40 0.829879
113 92 0.880959
186 482 1.03307
54 52 1.05385
231 92 0.953989
84 226 0.953989
55 332 0.846567
188 166 1.26067
239 229 0.935183
135 386 0.880959
136 213 0.846567
87 443 0.953989
142 105 0.935183
172 229 0.973174
60 42 0.973174
141 291 0.829879
214 204 1.05385
150 79 0.973174
12 22 1.01271
81 182 0.898675
175 482 1.05385
139 150 0.973174
200 226 0.992745
99 123 1.14121
53 81 0.992745
160 338 1.01271
149 248 1.01271
139 494 1.07504
200 278 0.953989
155 99 0.916747
12 322 0.992745
84 229 0.973174
60 52 1.21146
165 379 0.973174
46 295 0.973174
175 229 0.973174
165 322 0.973174
200 229 0.973174
60 68 0.973174
12 194 1.03307
160 32 1.01271
130 402 0.973174
209 261 0.973174
225 226 1.01271
150 1 0.846567
201 120 0.898675
225 278 1.01271
240 17 0.973174
206 100 1.05385
160 159 1.03307
155 196 0.829879
181 288 0.973174
225 229 1.03307
149 273 1.11872
179 392 1.07504
222 315 1.09666
67 202 1.09666
165 292 0.935183
152 89 1.07504
6 273 1.05385
55 97 0.935183
189 28 0.898675
23 202 1.03307
181 397 1.01271
99 161 1.09666
117 161 1.14121
220 22 0.935183
250 45 1.14121
117 443 0.751241
199 117 0.880959
147 311 0.916747
240 268 0.707683
90 85 1.01271
188 45 1.14121
66 250 0.935183
122 284 0.935183
75 191 0.992745
66 281 0.973174
220 96 1.03307
198 390 1.01271
42 248 1.05385
142 429 0.992745
147 92 0.953989
240 51 0.797481
185 368 0.992745
231 328 0.973174
130 196 0.916747
209 452 0.992745
70 92 0.916747
134 99 0.973174
153 458 1.11872
70 8 0.935183
130 99 1.01271
156 284 0.898675
198 426 0.935183
1 92 0.953989
24 403 0.78176
152 116 1.07504
180 191 0.992745
153 265 1.01271
152 440 1.07504
32 92 0.935183
201 421 0.953989
202 253 0.916747
86 332 0.846567
95 26 1.09666
66 41 1.05385
250 385 1.09666
244 296 0.797481
198 204 1.07504
6 82 1.03307
95 335 1.05385
180 396 0.953989
81 388 0.992745
101 246 0.992745
149 332 0.953989
81 359 0.973174
206 186 1.05385
126 332 0.935183
115 248 1.07504
122 285 0.916747
75 28 0.916747
166 145 1.11872
101 458 1.05385
236 402 1.23582
111 263 0.935183
156 285 0.898675
164 40 1.11872
166 438 0.916747
206 433 1.03307
250 409 1.01271
123 117 0.916747
244 69 0.953989
6 409 0.935183
86 117 0.916747
101 265 0.953989
1 378 0.935183
236 106 1.33827
194 267 0.953989
147 328 0.973174
180 28 0.916747
194 292 0.935183
249 217 0.953989
188 407 1.18757
27 373 1.03307
150 378 0.935183
9 332 1.07504
185 239 1.05385
1 328 0.916747
126 117 0.992745
156 395 0.916747
32 328 0.935183
111 293 0.935183
15 453 0.935183
32 378 0.935183
42 332 0.992745
27 333 0.953989
100 44 0.953989
9 483 1.33827
185 137 0.973174
52 486 0.935183
42 273 1.14121
209 456 1.01271
249 306 0.973174
17 423 1.23582
128 395 1.03307
236 238 1.33827
115 332 1.01271
68 475 0.992745
249 399 0.973174
222 463 0.935183
128 475 0.992745
100 497 0.953989
222 409 0.973174
199 63 0.898675
148 8 1.03307
164 369 0.916747
148 78 0.992745
220 19 1.03307
17 263 1.18757
78 22 1.01271
17 293 1.21146
99 50 0.953989
68 329 0.992745
100 425 0.953989
9 97 1.18757
78 194 1.01271
148 162 0.992745
164 342 0.935183
102 239 1.26067
128 299 0.992745
166 372 0.992745
102 386 1.14121
95 299 1.01271
115 117 1.07504
102 486 0.916747
78 137 0.935183
88 477 1.33827
125 496 1.26067
196 342 0.898675
27 299 0.916747
10 438 0.863592
125 213 0.846567
196 155 0.935183
10 372 0.953989
125 214 1.14121
196 421 1.09666
10 63 0.935183
88 87 1.44921
88 213 1.01271
