465
38 336 1.61244
58 173 1.61244
46 330 1.54977
235 336 1.54977
29 225 1.67765
231 345 1.61244
241 336 1.61244
8 173 1.64472
231 330 1.61244
38 226 1.51935
8 225 1.61244
28 330 1.58079
13 454 1.7455
71 126 1.43163
113 330 1.51935
58 141 1.78044
43 336 1.40353
219 330 1.51935
146 336 1.67765
13 415 1.7455
96 13 1.51935
98 336 1.48953
61 336 1.24615
96 330 1.54977
195 364 1.2711
234 336 1.43163
202 182 1.46029
58 275 1.64472
38 482 1.71124
202 364 1.54977
161 173 1.92736
36 336 1.46029
202 500 1.51935
56 336 1.61244
228 336 1.54977
137 173 2.04545
238 336 1.43163
80 105 1.48953
7 29 1.46029
59 102 1.37599
176 336 1.51935
7 27 1.51935
29 219 1.58079
245 336 1.40353
137 27 1.78044
205 251 1.61244
127 336 1.51935
28 8 1.58079
24 91 1.58079
104 336 1.51935
28 92 1.58079
8 219 1.51935
30 336 1.58079
224 454 1.85244
199 415 1.54977
107 336 1.67765
119 401 1.15116
131 338 1.19772
57 336 1.58079
119 400 1.17421
158 336 1.64472
235 278 1.46029
71 148 1.2711
171 336 1.46029
146 226 1.61244
71 356 1.2711
205 430 1.67765
239 336 1.61244
81 500 1.51935
214 336 1.54977
18 482 1.43163
3 126 1.43163
154 17 1.37599
226 382 1.37599
3 492 1.40353
169 336 1.51935
190 336 1.58079
155 91 1.58079
199 251 1.71124
124 336 1.54977
114 338 1.40353
61 482 1.22169
20 338 1.40353
114 235 1.43163
81 364 1.61244
168 336 1.61244
43 229 1.34898
131 134 1.22169
226 336 1.43163
151 91 1.67765
183 91 1.46029
133 336 1.48953
203 492 1.2711
235 229 1.46029
2 401 1.17421
215 382 1.54977
238 226 1.40353
70 330 1.58079
43 226 1.34898
85 278 1.48953
176 226 1.46029
114 64 1.34898
59 180 1.0847
4 336 1.64472
151 492 1.46029
61 159 1.10642
33 336 1.58079
116 304 1.12857
241 229 1.51935
155 402 1.54977
20 125 1.43163
79 336 1.51935
3 148 1.2711
223 91 1.71124
104 226 1.46029
146 229 1.58079
230 278 1.40353
154 370 1.02208
98 482 1.54977
18 34 1.58079
167 430 1.64472
245 278 1.3225
175 336 1.54977
130 42 1.58079
87 336 1.61244
186 89 1.46029
144 480 1.40353
30 226 1.51935
234 482 1.48953
162 89 1.67765
126 251 1.92736
36 482 1.51935
40 382 1.51935
7 216 1.51935
127 278 1.43163
19 336 1.64472
13 133 1.64472
107 226 1.64472
131 442 1.2711
76 92 1.54977
176 482 1.58079
59 208 1.0847
144 64 1.40353
83 336 1.54977
85 229 1.51935
219 8 1.51935
158 226 1.58079
191 226 1.51935
86 251 1.88953
226 125 1.3225
56 229 1.51935
219 92 1.54977
230 229 1.43163
205 141 1.7455
234 34 1.64472
105 356 1.2711
154 51 1.06341
11 278 1.48953
203 283 1.24615
155 222 1.19772
238 229 1.3225
138 336 1.61244
119 11 1.19772
186 336 1.61244
171 226 1.37599
24 145 1.67765
124 278 1.46029
242 229 1.43163
67 91 1.7455
245 229 1.3225
191 278 1.46029
69 442 1.48953
18 446 1.64472
45 336 1.7455
116 394 1.10642
133 226 1.43163
214 226 1.48953
239 278 1.46029
20 159 1.43163
169 226 1.46029
44 229 1.34898
14 89 1.78044
127 229 1.43163
54 9 1.54977
121 338 1.40353
168 226 1.58079
96 92 1.54977
107 229 1.58079
104 229 1.43163
130 180 1.29655
120 201 1.71124
30 229 1.48953
40 125 1.43163
130 353 1.51935
57 482 1.64472
246 141 1.71124
224 102 1.64472
4 226 1.58079
167 141 1.7455
158 229 1.54977
224 42 1.64472
171 482 1.51935
190 482 1.67765
121 125 1.43163
116 455 1.15116
77 278 1.58079
223 442 1.48953
148 330 1.67765
11 229 1.51935
67 338 1.40353
191 229 1.48953
87 226 1.54977
213 489 1.34898
46 8 1.54977
124 229 1.46029
79 278 1.43163
190 229 1.48953
22 336 1.71124
178 411 1.51935
83 226 1.46029
123 264 1.58079
33 278 1.48953
133 229 1.40353
19 226 1.54977
178 374 1.40353
46 92 1.48953
178 501 1.3225
239 229 1.51935
175 482 1.61244
99 29 1.46029
169 229 1.43163
120 482 1.51935
123 42 1.51935
40 236 1.40353
237 129 1.51935
55 248 1.37599
4 482 1.71124
24 438 1.3225
243 278 1.48953
19 278 1.54977
117 443 1.2711
54 123 1.61244
168 229 1.54977
12 261 1.7455
66 264 1.64472
45 226 1.67765
246 275 1.58079
138 278 1.51935
214 229 1.43163
163 337 1.54977
144 416 1.24615
172 226 1.61244
167 52 1.67765
121 159 1.43163
79 229 1.46029
41 353 1.43163
120 34 1.64472
172 278 1.51935
181 301 1.81608
151 446 1.64472
77 229 1.61244
105 118 1.24615
162 226 1.64472
84 336 1.78044
100 500 1.48953
175 34 1.7455
33 229 1.51935
2 304 1.24615
186 482 1.58079
83 229 1.48953
213 303 1.29655
172 229 1.54977
243 229 1.51935
138 229 1.54977
73 215 1.24615
89 278 1.54977
126 52 2.0053
14 226 1.81608
22 226 1.64472
223 446 1.67765
45 229 1.61244
123 180 1.24615
41 99 1.51935
162 229 1.67765
126 68 1.64472
89 229 1.58079
53 386 1.61244
113 8 1.51935
212 261 1.48953
225 352 1.51935
240 16 1.67765
103 229 1.58079
142 301 1.67765
73 11 1.22169
218 261 1.54977
225 278 1.61244
113 92 1.48953
246 307 1.64472
84 226 1.67765
136 315 1.7455
159 166 1.64472
86 68 1.58079
198 226 1.64472
41 438 1.22169
200 226 1.64472
134 353 1.48953
55 273 1.51935
200 278 1.64472
100 182 1.43163
177 247 1.3225
22 229 1.64472
231 92 1.61244
12 120 1.61244
152 89 1.78044
93 291 1.46029
163 379 1.67765
14 229 1.85244
111 213 1.3225
199 98 1.10642
160 32 1.64472
42 248 1.58079
163 322 1.67765
225 229 1.64472
149 248 1.54977
192 261 1.48953
160 426 1.54977
136 213 1.40353
161 170 1.61244
2 394 1.22169
203 446 1.40353
109 120 1.54977
198 426 1.48953
240 17 1.61244
12 322 1.71124
111 448 1.78044
213 64 1.37599
192 22 1.46029
67 446 1.71124
117 98 1.22169
209 261 1.54977
198 229 1.67765
60 42 1.61244
182 22 1.54977
200 229 1.67765
60 102 1.54977
194 368 1.64472
84 229 1.71124
134 438 1.2711
135 386 1.48953
160 159 1.67765
251 247 1.3225
55 332 1.29655
87 204 1.67765
147 282 1.48953
25 453 1.48953
237 114 1.48953
105 281 1.67765
206 150 1.64472
150 306 1.54977
117 204 1.24615
78 261 1.64472
188 166 1.92736
73 49 1.29655
141 120 1.43163
92 150 1.7455
23 411 1.54977
206 120 1.54977
251 22 1.58079
60 353 1.64472
179 392 1.67765
23 412 1.43163
75 247 1.54977
68 392 1.61244
152 347 1.71124
147 242 1.43163
244 296 1.29655
152 440 1.64472
1 92 1.54977
68 490 1.61244
66 281 1.61244
99 291 1.46029
139 120 1.54977
23 446 1.54977
9 477 2.0053
15 453 1.54977
70 8 1.58079
240 268 1.22169
179 25 1.67765
237 378 1.51935
222 246 1.81608
78 257 1.61244
70 92 1.54977
149 273 1.71124
78 452 1.61244
66 41 1.78044
1 114 1.54977
139 256 1.54977
150 92 1.54977
188 45 1.78044
90 85 1.61244
180 396 1.61244
81 425 1.61244
194 337 1.51935
147 92 1.61244
166 477 1.92736
194 386 1.61244
32 92 1.61244
111 82 1.58079
139 154 1.54977
148 8 1.64472
136 82 1.67765
101 246 1.61244
32 22 1.61244
150 114 1.51935
101 458 1.67765
148 92 1.71124
42 332 1.48953
27 285 1.54977
249 306 1.58079
6 284 1.64472
156 285 1.48953
100 497 1.58079
250 45 1.81608
101 265 1.54977
88 477 2.17077
10 123 1.92736
27 395 1.58079
180 28 1.51935
249 129 1.54977
156 395 1.48953
32 114 1.58079
9 458 2.12817
54 329 1.46029
1 378 1.54977
9 246 2.0053
27 299 1.51935
86 117 1.46029
222 284 1.81608
134 289 1.40353
52 486 1.51935
99 12 1.51935
125 408 1.64472
196 256 1.81608
249 378 1.54977
125 289 1.64472
196 421 1.92736
149 117 1.54977
17 176 1.64472
125 419 2.0864
102 486 1.48953
196 193 1.88953
42 117 1.58079
166 438 1.54977
10 50 1.58079
164 421 2.0053
188 407 1.81608
17 212 1.67765
164 369 1.58079
166 145 1.88953
10 63 1.51935
164 494 2.0864
115 483 1.92736
222 286 1.78044
17 213 1.61244
115 438 1.51935
