237
220 450 1.0976
227 467 1.05457
115 89 1.03369
164 340 1.0976
83 172 0.99316
236 367 0.916807
204 413 1.0976
116 234 1.0976
58 278 1.05457
141 289 0.973495
129 5 1.1424
118 278 1.03369
28 46 1.0976
31 50 1.0976
76 345 1.05457
113 231 1.03369
40 78 1.01322
233 278 1.07587
189 383 1.0976
213 428 0.973495
119 278 1.03369
197 403 1.01322
180 362 1.03369
124 482 1.11978
85 176 1.01322
1 2 1.0976
177 336 1.07587
34 63 1.0976
54 115 1.07587
47 282 0.86342
111 228 0.99316
101 209 1.05457
17 491 1.01322
183 115 1.54204
166 342 1.01322
30 32 1.05457
131 260 1.03369
63 351 1.01322
44 125 1.07587
200 409 1.03369
210 424 1.01322
46 347 1.0976
64 139 0.99316
55 117 1.07587
136 278 1.1424
199 384 1.31406
97 63 1.0976
167 387 1.07587
22 38 1.07587
32 55 0.99316
193 476 1.0976
70 155 1.01322
2 266 1.16547
175 476 1.01322
121 245 0.935327
81 300 1.11978
86 182 1.01322
126 252 1.01322
109 223 0.916807
205 489 1.11978
48 82 1.0976
53 114 1.01322
4 33 1.07587
42 97 1.0976
13 28 1.03369
239 491 1.11978
144 293 0.95422
237 486 1.03369
156 204 1.01322
225 254 1.03369
184 372 1.05457
16 367 1.07587
104 212 0.973495
94 198 0.95422
49 389 1.16547
155 244 1.11978
231 232 1.0976
67 304 1.05457
6 7 0.846324
11 406 0.935327
79 283 1.11978
209 293 0.973495
211 425 1.03369
142 389 1.11978
219 448 0.99316
61 130 0.95422
160 399 1.0976
201 410 1.0976
149 300 1.03369
138 208 1.01322
198 407 1.0976
169 346 1.0976
56 43 1.11978
162 332 1.07587
66 295 1.03369
59 226 1.11978
132 293 0.95422
19 88 0.99316
207 389 1.16547
78 164 1.0976
234 481 0.973495
108 328 1.03369
152 402 1.31406
96 202 1.07587
137 279 1.05457
190 385 1.07587
240 493 1.03369
145 295 1.01322
216 332 1.0976
223 315 1.16547
147 64 1.0976
105 213 1.07587
241 359 1.03369
140 489 1.0976
120 244 1.05457
112 202 1.03369
84 32 1.11978
77 163 1.01322
114 449 0.765791
98 204 1.0976
235 483 1.07587
21 76 1.07587
170 229 1.05457
212 427 1.01322
179 360 1.07587
5 345 0.99316
228 468 1.01322
71 291 1.01322
188 381 1.01322
110 468 0.99316
74 160 1.01322
72 125 1.05457
75 210 0.829567
33 466 1.03369
187 328 1.05457
194 393 1.03369
10 488 0.95422
43 84 1.01322
125 281 1.1424
127 253 1.05457
41 491 1.03369
153 313 0.99316
102 446 1.11978
186 199 1.03369
150 189 1.03369
57 60 1.03369
60 170 1.03369
26 425 1.05457
27 45 1.0976
69 51 1.01322
100 207 1.0976
87 499 1.03369
50 101 1.03369
230 438 0.880861
128 1 0.99316
245 389 1.11978
123 273 1.23754
135 71 1.01322
191 387 1.01322
139 281 1.0976
92 320 1.11978
37 485 1.0976
15 7 0.829567
88 222 0.973495
221 451 1.03369
151 1 0.973495
134 273 1.11978
148 208 1.07587
68 145 1.11978
89 185 1.05457
7 105 0.95422
161 84 0.973495
93 218 0.935327
80 125 1.1424
172 169 0.973495
195 396 1.01322
229 480 1.03369
224 347 1.07587
45 324 0.898654
157 320 1.03369
107 466 0.829567
174 459 1.23754
95 345 1.01322
90 353 1.07587
192 359 1.01322
36 374 1.16547
146 391 0.880861
130 259 0.99316
206 236 1.07587
24 145 1.0976
154 315 1.01322
171 229 1.0976
238 171 1.03369
18 34 1.1424
168 381 1.03369
222 432 1.16547
196 13 1.01322
122 247 1.01322
38 297 0.813141
218 446 1.05457
208 388 1.01322
242 225 1.21303
214 93 1.16547
0 1 0.99316
35 68 1.07587
23 484 0.86342
62 480 1.0976
243 461 0.880861
226 174 1.0976
133 376 1.05457
215 460 0.916807
203 389 1.0976
143 324 0.916807
232 134 1.01322
244 29 1.03369
65 165 1.03369
14 255 0.829567
178 359 1.01322
158 147 0.973495
29 42 1.03369
185 459 1.0976
182 364 1.05457
8 411 0.916807
99 251 1.23754
52 147 1.03369
176 389 0.95422
202 398 1.05457
12 27 1.07587
106 214 0.99316
181 215 0.95422
51 466 0.86342
20 58 0.898654
165 341 1.05457
9 147 0.829567
173 489 0.846324
159 324 1.01322
82 70 0.880861
