78
59 242 0.791404
34 336 0.891669
21 336 0.984861
42 442 0.85691
16 336 0.891669
37 277 0.648718
76 472 0.716518
13 242 0.760554
18 336 0.891669
130 242 0.760554
3 219 0.909574
124 336 0.891669
10 336 0.984861
29 247 0.702414
80 396 0.775825
69 386 0.807295
84 229 0.909574
98 364 0.775825
46 22 1.02481
79 89 1.02481
6 196 0.807295
118 46 0.85691
122 229 0.85691
96 336 0.984861
22 338 0.840042
9 336 1.00464
74 439 0.62343
95 239 1.04539
127 229 0.909574
23 236 0.840042
54 299 1.02481
123 278 0.927838
105 34 0.775825
32 63 0.807295
30 421 0.807295
26 229 0.984861
65 395 1.02481
7 453 0.891669
116 229 1.02481
41 475 0.984861
52 344 0.874117
47 278 0.927838
77 395 0.909574
114 81 0.730906
111 204 1.06638
63 285 0.891669
106 433 1.06638
45 278 0.965474
75 265 1.00464
126 296 0.807295
88 229 0.984861
14 407 0.927838
113 386 0.730906
58 229 0.891669
56 246 1.00464
31 81 0.946469
87 482 0.927838
108 261 0.965474
91 112 0.909574
97 278 0.85691
11 403 0.791404
60 120 0.823506
85 278 0.874117
5 322 1.00464
72 40 0.823506
38 482 0.807295
81 292 0.909574
110 386 0.730906
102 91 0.909574
73 301 1.06638
70 218 0.760554
107 136 0.611158
78 166 1.02481
33 273 1.02481
27 364 0.760554
128 52 1.06638
83 68 0.891669
36 275 1.00464
