96
142 492 1.25755
64 162 0.707134
42 453 1.44502
25 162 0.765574
67 363 0.971505
140 477 2.23638
74 162 0.707134
81 163 0.750526
123 280 1.50355
148 459 0.915336
88 358 1.33471
40 82 1.25755
63 205 0.615391
51 212 1.03112
109 394 1.47399
0 356 0.504588
31 198 4.57003
4 329 1.44502
70 342 1.2086
102 101 1.13872
97 145 0.879706
34 356 0.971505
41 173 1.23283
118 41 0.535551
69 394 1.7277
15 152 1.03112
93 244 1.30848
72 153 1.59581
24 170 1.69374
107 1 1.2086
7 342 1.05179
58 19 0.707134
10 41 0.750526
94 357 1.33471
87 41 0.721312
90 464 1.79767
60 41 0.557242
133 448 1.62781
27 149 1.41662
23 97 0.990983
46 236 1.56444
141 464 1.56444
152 439 1.66044
38 244 1.33471
106 148 1.44502
48 443 1.36148
95 41 0.640316
79 317 1.53369
103 230 2.02506
17 293 1.44502
117 141 1.62781
80 92 1.33471
113 88 1.7277
99 373 1.87048
92 411 1.76234
151 287 1.36148
128 148 1.50355
75 259 1.07288
20 255 1.87048
33 319 1.90798
122 280 1.44502
68 273 1.38877
78 217 1.41662
2 84 1.07288
12 67 1.44502
139 14 1.47399
37 378 2.14933
130 322 1.47399
73 287 1.16155
32 280 1.44502
57 482 1.76234
115 90 1.7277
59 247 2.06567
85 251 1.33471
30 58 1.50355
14 59 1.83371
82 221 1.47399
62 464 1.7277
83 314 1.98526
119 137 1.66044
18 76 1.98526
45 423 1.53369
47 398 1.44502
28 217 1.41662
125 77 1.53369
126 306 1.7277
116 330 2.02506
54 337 1.36148
52 314 1.44502
91 341 2.02506
100 396 1.87048
53 77 1.38877
21 378 1.76234
5 389 1.30848
96 404 1.47399
146 82 1.66044
