1167
106 106 1.62917
184 184 1.53434
112 103 2.02982
169 106 1.76478
138 37 1.56532
165 165 1.62917
469 469 1.62917
37 37 1.87384
435 235 1.62917
8 8 1.62917
103 103 1.76478
435 435 1.72985
484 82 1.98965
138 400 1.76478
74 199 1.69562
426 426 1.50398
366 404 1.53434
215 199 1.72985
421 421 1.56532
103 373 1.20712
435 198 1.62917
421 404 1.69562
328 328 1.91168
74 74 1.80041
341 341 1.87384
400 400 1.87384
28 28 1.80041
138 138 1.62917
198 198 1.72985
234 312 1.69562
366 366 1.44504
42 42 1.72985
330 103 1.83676
112 112 1.80041
37 190 1.69562
328 315 1.72985
229 229 1.83676
315 328 2.02982
364 28 1.80041
404 404 1.66206
28 42 2.0708
234 234 1.80041
319 319 1.59693
341 312 1.98965
312 373 1.53434
193 185 0.732358
42 229 1.53434
400 190 1.53434
426 350 1.56532
378 103 2.58006
74 61 1.76478
76 76 1.69562
89 315 1.69562
315 315 1.83676
6 112 2.19878
337 190 2.02982
198 28 1.59693
310 103 2.63215
366 57 1.41644
381 480 1.334
226 226 1.69562
223 223 1.69562
100 312 2.02982
158 51 1.59693
89 312 2.0708
405 229 1.72985
169 169 1.62917
426 20 1.76478
3 3 1.69562
482 315 2.15526
117 117 1.69562
61 61 1.80041
224 224 1.83676
404 366 1.56532
314 373 1.66206
57 404 1.80041
369 328 2.42989
312 312 1.80041
141 404 1.80041
0 0 1.66206
330 112 1.62917
53 210 1.98965
328 369 1.44504
229 42 2.11261
82 82 1.83676
61 204 1.69562
190 190 1.87384
90 315 2.19878
314 312 1.95027
315 369 1.53434
404 57 1.50398
369 315 2.15526
216 100 1.38841
391 391 1.72985
341 252 1.53434
204 405 1.91168
307 307 1.66206
20 20 1.66206
373 90 1.59693
464 464 1.62917
252 328 2.15526
204 204 1.80041
57 366 1.69562
61 405 1.80041
238 404 1.87384
285 285 1.80041
28 291 1.66206
192 192 1.62917
6 6 1.80041
238 421 1.80041
373 373 1.91168
455 455 1.62917
199 199 1.80041
299 299 1.59693
226 120 1.76478
330 330 1.76478
77 299 1.66206
59 59 1.72985
103 314 1.36093
137 299 1.59693
202 202 1.80041
65 74 1.83676
393 223 1.76478
58 391 1.98965
14 396 2.02982
100 89 1.76478
129 319 1.87384
252 312 2.3818
364 291 1.59693
57 57 1.62917
166 396 1.95027
381 381 1.69562
193 423 1.38841
166 166 1.80041
405 204 1.72985
89 89 1.80041
223 393 1.50398
14 14 1.62917
299 77 1.62917
14 458 1.83676
234 314 1.59693
202 86 1.56532
166 458 1.72985
37 337 1.334
249 249 1.66206
224 247 2.11261
229 405 1.91168
146 13 1.66206
127 127 1.69562
9 112 1.62917
120 255 1.72985
90 90 1.72985
322 330 2.42989
347 303 2.02982
58 378 2.28846
405 405 1.80041
347 375 1.62917
88 42 2.3818
137 137 1.66206
482 482 1.66206
323 330 2.0708
478 90 1.53434
490 312 2.0708
247 247 1.80041
216 216 1.69562
136 239 1.47421
378 378 1.69562
369 369 1.80041
136 136 1.69562
349 349 1.56532
398 90 1.76478
311 311 1.72985
393 393 1.62917
199 103 1.83676
385 169 1.66206
90 482 1.69562
312 314 1.72985
10 224 2.15526
117 45 1.53434
478 369 1.53434
141 141 1.53434
77 77 1.66206
216 314 1.44504
389 458 1.87384
252 252 1.80041
396 247 2.24317
337 337 1.53434
222 222 1.72985
235 235 1.72985
410 410 1.62917
9 330 1.80041
398 398 1.66206
83 83 1.59693
423 449 1.56532
70 70 1.76478
349 411 1.47421
30 30 1.69562
396 396 1.80041
182 182 1.72985
148 319 2.02982
396 458 1.59693
225 6 1.80041
127 377 1.50398
389 389 1.69562
391 148 1.44504
58 58 1.72985
389 14 1.66206
240 224 2.33467
458 6 1.95027
124 369 1.91168
67 282 1.59693
298 298 1.69562
314 314 1.87384
303 303 1.80041
441 441 1.59693
190 322 1.50398
434 129 1.62917
53 53 1.72985
186 186 1.69562
434 52 1.76478
210 180 1.62917
100 314 1.95027
411 345 1.50398
367 378 2.15526
381 433 1.41644
458 458 1.83676
467 42 2.529
0 414 1.41644
415 426 1.69562
125 116 1.72985
247 9 1.76478
303 490 1.80041
322 9 2.3818
30 298 1.69562
13 13 1.76478
86 86 1.76478
467 28 2.24317
437 52 1.80041
197 197 1.56532
364 364 1.80041
282 54 1.59693
222 21 1.53434
248 247 2.3818
391 428 1.62917
458 389 1.62917
428 378 2.24317
259 229 2.58006
434 434 1.56532
127 131 1.53434
254 51 1.59693
340 148 1.59693
379 86 1.69562
6 310 1.76478
135 135 1.56532
59 230 1.47421
107 360 1.66206
349 305 1.38841
124 124 1.87384
208 208 1.66206
441 449 1.62917
397 117 1.87384
104 473 1.41644
465 240 1.80041
455 143 1.72985
340 340 1.66206
27 27 1.83676
75 75 1.56532
240 240 1.80041
88 166 1.62917
411 411 1.53434
320 320 1.56532
490 303 1.72985
122 231 1.76478
449 87 1.59693
120 120 1.66206
10 10 1.87384
280 182 1.69562
310 221 1.62917
496 496 1.69562
15 348 1.95027
208 168 1.62917
245 245 1.76478
347 347 1.62917
253 185 0.777618
9 9 1.72985
208 55 1.66206
490 490 1.72985
224 248 1.69562
451 441 1.83676
51 51 1.66206
250 350 1.80041
107 107 1.66206
46 46 1.69562
255 86 1.83676
134 134 1.69562
180 202 1.83676
291 291 1.80041
217 217 1.62917
247 248 1.47421
291 381 1.72985
120 16 1.59693
27 303 1.80041
274 22 1.69562
168 208 1.72985
345 345 1.66206
45 45 1.69562
168 168 1.69562
20 280 1.38841
52 52 1.69562
332 136 1.66206
378 233 1.44504
248 9 2.33467
182 438 1.56532
262 266 1.23149
222 181 1.41644
211 211 1.50398
182 453 1.56532
323 491 1.76478
449 131 1.53434
148 148 1.69562
411 317 1.41644
131 131 1.59693
168 55 1.69562
215 215 1.76478
336 240 2.02982
203 490 1.66206
65 65 1.76478
449 54 1.53434
55 208 1.69562
204 439 1.56532
444 11 1.80041
310 310 1.80041
199 216 1.62917
172 350 1.72985
64 59 1.76478
376 378 2.3818
385 93 1.80041
308 224 1.98965
52 434 1.56532
225 225 1.66206
244 353 2.24317
147 116 1.72985
489 489 1.69562
55 55 1.69562
139 22 1.91168
453 182 1.80041
92 58 2.02982
221 112 2.529
178 178 1.59693
303 347 1.44504
491 323 1.76478
332 332 1.76478
53 423 1.59693
437 437 1.83676
131 280 1.56532
203 203 1.72985
7 217 1.36093
88 88 1.80041
142 142 1.69562
235 88 1.69562
367 428 1.76478
244 250 2.28846
291 73 1.56532
417 417 1.53434
432 244 1.83676
316 316 1.66206
119 119 1.76478
444 346 1.72985
244 93 2.15526
236 377 1.72985
383 383 1.62917
414 414 1.53434
375 375 1.69562
448 58 1.87384
467 291 1.98965
418 182 1.83676
397 45 1.69562
116 116 1.66206
107 463 1.59693
353 178 1.62917
139 21 1.80041
254 254 1.66206
441 131 1.62917
104 104 1.62917
36 225 1.83676
259 405 2.6853
425 14 1.98965
36 36 1.66206
230 31 1.76478
123 123 1.59693
248 248 1.91168
370 370 1.69562
461 461 1.53434
466 229 3.27946
250 451 1.66206
263 45 1.76478
442 442 1.66206
16 16 1.62917
253 423 1.53434
225 92 1.36093
142 38 2.28846
261 261 1.66206
350 350 1.83676
98 465 1.72985
202 16 1.50398
280 280 1.53434
350 53 2.33467
255 255 1.83676
408 141 1.95027
97 103 3.34568
27 233 1.50398
346 346 1.59693
422 422 1.56532
428 428 1.83676
139 139 1.72985
217 70 2.3818
233 378 2.0708
332 343 1.69562
489 331 1.91168
22 139 1.56532
195 243 1.44504
375 203 2.24317
59 259 1.13686
68 68 1.66206
178 353 1.56532
154 154 1.76478
240 167 1.72985
230 230 1.83676
323 439 1.80041
287 287 1.59693
308 247 2.28846
115 115 1.62917
243 243 1.62917
447 441 1.76478
410 335 1.62917
34 370 1.72985
367 367 1.80041
73 291 2.02982
327 327 1.62917
322 439 2.11261
43 195 1.50398
52 305 1.41644
463 107 1.87384
98 98 1.62917
54 87 1.69562
80 80 1.66206
180 180 1.87384
386 386 1.72985
203 56 1.76478
353 353 1.59693
36 92 1.50398
493 442 1.91168
430 430 1.59693
320 24 1.44504
154 437 1.76478
231 231 1.87384
167 167 1.76478
65 215 1.76478
273 154 1.83676
83 431 1.83676
425 322 1.91168
180 10 1.69562
177 61 3.41323
69 69 1.66206
233 124 1.72985
370 201 1.44504
357 119 1.87384
428 367 1.87384
173 93 1.98965
465 465 1.62917
497 497 1.66206
130 438 1.62917
116 155 1.44504
279 279 1.83676
453 453 1.62917
383 347 1.66206
50 50 1.53434
293 322 1.98965
34 34 1.72985
288 119 1.87384
195 195 1.59693
177 204 3.21456
18 119 1.87384
432 432 1.72985
336 336 1.69562
187 203 2.24317
97 112 3.02746
181 21 1.95027
38 31 1.50398
63 422 1.66206
134 201 1.50398
379 87 1.62917
397 397 1.56532
213 213 1.66206
250 250 1.62917
317 317 1.66206
412 412 1.72985
273 273 1.69562
343 343 1.69562
209 475 1.56532
265 265 1.69562
114 114 1.72985
163 166 3.77199
413 336 1.59693
167 54 1.72985
343 108 1.59693
281 114 1.25635
437 318 1.47421
143 455 1.59693
200 98 1.69562
16 281 1.95027
11 11 1.80041
87 449 1.80041
305 52 1.98965
418 453 1.66206
221 221 1.80041
130 130 1.59693
263 397 1.62917
30 439 1.3076
417 156 1.50398
375 56 2.33467
448 338 1.76478
433 433 1.59693
423 99 1.47421
163 396 3.84814
350 451 1.69562
114 225 2.24317
78 78 1.66206
226 26 1.62917
447 226 1.66206
54 54 1.72985
287 153 1.53434
265 433 1.59693
281 225 1.69562
153 153 1.53434
170 170 1.66206
38 38 1.72985
477 131 1.76478
119 18 1.59693
92 92 1.95027
93 353 1.66206
21 22 1.83676
38 230 1.56532
463 463 1.80041
108 343 1.80041
214 41 0.649586
85 177 1.62917
43 43 1.56532
108 108 1.69562
131 418 1.44504
73 73 1.80041
292 422 1.69562
130 149 1.56532
439 330 2.11261
63 292 1.69562
394 394 1.56532
415 172 1.59693
272 272 1.80041
377 377 1.80041
313 491 1.95027
355 59 2.6853
195 392 1.69562
274 274 1.76478
370 324 1.47421
413 465 1.72985
444 444 1.66206
93 93 1.83676
261 38 1.62917
183 262 3.21456
348 348 1.69562
338 340 1.80041
187 56 2.33467
63 63 1.69562
54 228 1.66206
96 176 2.24317
494 494 1.50398
149 78 1.72985
305 434 1.80041
403 221 1.98965
280 485 1.53434
292 292 1.72985
395 395 1.59693
41 224 5.62589
448 448 1.69562
476 224 2.63215
87 87 1.80041
112 97 0.988415
325 325 1.76478
233 233 1.80041
292 63 1.72985
21 21 1.76478
172 172 1.59693
151 151 1.59693
181 181 1.76478
198 467 1.18323
115 365 0.662701
335 375 1.36093
98 485 1.59693
276 18 1.69562
60 317 1.91168
237 313 2.6853
271 120 2.15526
373 97 1.36093
187 187 1.66206
415 415 1.69562
465 236 1.50398
114 187 1.72985
108 253 2.3818
118 118 1.62917
146 146 1.59693
355 298 2.79482
236 236 1.59693
300 383 1.69562
156 417 1.59693
454 454 1.69562
360 360 1.83676
7 7 1.66206
262 257 1.13686
477 228 1.69562
43 271 1.38841
357 18 1.69562
379 379 1.69562
304 304 1.80041
24 24 1.66206
21 181 1.62917
466 73 2.63215
485 98 1.76478
172 415 1.72985
196 196 1.69562
78 395 1.47421
96 331 2.3818
403 428 1.83676
18 18 1.69562
313 313 1.83676
163 364 4.8913
392 392 1.69562
140 140 1.59693
15 15 1.72985
468 468 1.80041
409 409 1.76478
483 343 1.87384
194 118 1.72985
471 378 2.58006
473 473 1.62917
338 338 1.76478
40 40 1.62917
473 170 1.76478
281 281 1.80041
85 85 1.56532
483 483 1.76478
374 50 1.69562
376 376 1.69562
149 149 1.66206
413 413 1.66206
491 491 1.83676
362 362 1.69562
361 361 1.83676
259 259 1.69562
313 439 1.98965
10 41 0.55359
305 305 1.66206
41 247 5.85536
200 485 1.66206
400 257 1.18323
143 143 1.66206
194 413 1.72985
438 438 1.80041
140 177 1.59693
18 443 1.66206
183 143 2.33467
263 263 1.53434
301 18 1.72985
96 351 2.24317
412 40 1.80041
297 438 1.80041
431 383 1.69562
331 331 1.76478
47 10 2.42989
486 361 2.3818
418 418 1.53434
279 41 0.47178
362 155 0.825676
412 66 2.15526
149 395 1.53434
293 293 1.80041
145 224 4.7945
86 236 1.38841
300 300 1.72985
297 130 1.80041
64 259 1.13686
56 112 2.15526
262 256 1.20712
116 41 1.18323
237 237 1.62917
288 288 1.62917
438 130 1.76478
111 280 1.83676
201 201 1.66206
73 313 1.76478
477 477 1.59693
308 308 1.80041
335 150 1.83676
159 54 1.69562
279 183 0.912462
480 480 1.80041
12 392 1.80041
309 384 4.69961
227 52 2.24317
380 228 1.80041
200 200 1.62917
265 266 1.59693
228 228 1.80041
385 385 1.62917
42 257 1.07069
392 111 1.59693
442 493 1.62917
156 156 1.56532
384 384 1.72985
388 388 1.59693
331 281 1.87384
84 84 1.69562
475 475 1.80041
387 387 1.87384
72 377 1.91168
408 408 1.62917
64 64 1.76478
485 485 1.72985
447 447 1.83676
403 403 1.76478
24 380 2.0708
486 36 2.24317
439 491 1.76478
243 380 1.76478
150 150 1.72985
399 399 1.72985
301 301 1.62917
360 146 1.80041
480 381 2.19878
99 99 1.66206
132 489 2.11261
177 177 1.59693
297 297 1.66206
271 271 1.72985
1 1 1.66206
267 267 1.56532
493 493 1.80041
25 25 1.66206
438 297 1.66206
205 28 3.92584
235 456 1.41644
41 362 4.69961
471 310 2.6853
491 439 1.87384
321 73 3.15094
189 431 1.91168
296 296 1.59693
101 54 2.85125
425 295 1.11436
264 264 1.50398
431 431 1.76478
401 401 1.83676
176 10 2.28846
66 66 1.76478
479 226 1.80041
269 269 1.66206
282 132 1.334
31 109 1.62917
83 189 1.59693
87 200 1.56532
392 72 1.44504
173 385 2.02982
145 386 3.92584
380 477 1.69562
335 335 1.69562
309 331 5.19359
228 477 1.69562
357 357 1.56532
374 374 1.56532
12 418 1.69562
1 388 1.69562
321 201 2.28846
111 111 1.69562
439 439 1.80041
157 157 1.80041
72 392 1.87384
56 203 1.72985
227 387 1.95027
432 173 1.66206
324 370 1.98965
361 47 1.62917
348 15 1.50398
2 2 1.62917
361 41 0.611778
466 466 1.72985
318 318 1.76478
239 239 1.76478
452 452 1.80041
267 41 0.662701
377 72 1.50398
460 348 2.02982
354 234 3.41323
380 380 1.66206
470 470 1.66206
362 41 0.611778
159 41 0.611778
125 147 1.56532
93 385 1.56532
67 132 1.38841
476 308 2.529
176 176 1.80041
288 419 1.50398
126 126 1.76478
384 445 1.69562
401 456 1.53434
302 7 1.98965
451 329 1.09231
47 47 1.76478
144 144 1.69562
205 143 3.55244
278 126 1.28172
276 276 1.50398
290 300 2.47895
71 71 1.83676
125 125 1.56532
479 479 1.87384
12 12 1.62917
334 445 1.66206
365 28 4.42608
47 41 0.62413
271 26 1.91168
32 480 1.59693
402 402 1.47421
480 32 1.87384
365 42 5.0908
227 227 1.87384
16 132 1.41644
179 179 1.66206
257 266 2.02982
352 352 1.87384
56 56 1.76478
423 145 0.777618
324 324 1.72985
481 351 1.62917
429 119 2.15526
147 147 1.59693
176 351 1.80041
419 288 1.83676
109 109 1.87384
205 364 4.08596
236 194 1.44504
71 401 3.41323
309 334 4.7945
210 145 0.59967
239 80 2.33467
150 355 1.62917
178 173 1.25635
72 72 1.59693
371 262 3.69734
353 173 1.3076
97 97 1.66206
219 403 1.72985
62 62 1.69562
147 125 1.59693
143 365 0.747144
194 194 1.50398
29 144 1.50398
334 334 1.72985
159 159 1.69562
460 385 1.91168
183 183 1.62917
282 284 0.894404
173 173 1.62917
318 2 1.66206
386 145 0.732358
189 189 1.69562
132 26 1.69562
35 323 1.83676
476 476 1.66206
406 406 1.59693
253 145 0.611778
431 189 1.56532
451 173 1.3076
118 145 0.859353
26 348 1.91168
185 185 1.69562
336 145 0.859353
71 456 2.90882
32 32 1.72985
339 339 1.72985
456 401 2.28846
359 359 1.76478
67 284 0.894404
479 26 1.69562
471 471 1.72985
167 207 0.777618
161 284 1.13686
440 440 1.76478
210 101 0.809335
300 481 2.11261
144 29 1.98965
419 419 1.69562
257 257 1.83676
161 101 1.38841
86 284 0.793318
70 321 0.859353
219 219 1.87384
365 115 4.69961
126 456 2.3818
283 21 1.95027
337 342 1.07069
189 481 2.28846
258 258 1.62917
386 101 1.0495
132 132 1.62917
456 456 1.87384
115 321 0.777618
486 486 1.59693
283 22 2.11261
29 29 1.66206
254 160 0.732358
266 266 1.66206
48 72 1.62917
175 175 1.80041
185 155 1.50398
26 15 1.69562
472 472 1.62917
283 283 1.76478
481 481 1.72985
327 284 1.20712
302 302 1.76478
212 136 3.62417
190 356 0.842346
487 138 1.95027
298 342 0.777618
175 267 1.72985
134 321 1.25635
245 290 0.842346
206 206 1.56532
329 282 2.96755
228 101 1.0495
68 290 1.0495
459 234 3.62417
145 145 1.69562
136 290 0.842346
162 261 4.42608
31 342 0.968853
212 176 3.48214
436 436 1.95027
161 212 1.13686
406 160 1.53434
70 416 0.747144
207 225 3.48214
383 290 1.00837
410 416 1.00837
201 321 1.38841
436 62 1.76478
256 344 1.76478
289 172 1.80041
101 284 1.50398
296 277 1.44504
214 358 0.930885
293 356 1.02873
80 290 0.809335
294 441 1.98965
19 483 4.42608
144 79 1.59693
462 477 1.91168
140 290 1.07069
266 257 1.50398
243 462 1.62917
68 358 1.25635
487 487 1.62917
462 200 1.83676
401 356 0.587803
295 381 4.6066
110 87 2.0708
474 212 1.53434
257 488 1.98965
377 462 1.50398
19 331 4.33848
256 256 1.66206
207 334 4.0051
321 321 1.76478
155 224 3.92584
390 392 1.98965
351 176 1.69562
241 74 4.33848
110 110 1.80041
155 248 3.69734
95 95 1.66206
48 48 1.72985
215 459 0.662701
152 152 1.59693
390 111 1.87384
155 155 1.69562
483 290 0.732358
256 495 1.66206
268 268 1.69562
29 79 1.53434
298 459 0.55359
15 460 1.56532
185 147 1.72985
193 205 0.564767
241 61 4.25262
351 351 1.69562
162 355 2.90882
351 95 1.62917
221 416 1.13686
329 329 1.87384
487 256 1.36093
384 290 0.777618
331 358 0.894404
416 9 3.92584
459 355 2.90882
241 65 4.16846
35 35 1.80041
95 94 1.80041
246 450 1.69562
237 459 1.23149
342 344 2.73951
101 212 1.50398
363 370 2.0708
334 290 0.762229
295 295 1.80041
290 290 1.53434
481 290 0.793318
416 150 2.90882
371 371 1.76478
94 95 1.53434
113 113 1.59693
49 239 2.96755
95 368 1.69562
110 194 1.56532
445 334 1.83676
164 33 1.76478
207 207 1.69562
445 445 1.72985
191 191 1.59693
48 462 1.69562
348 460 1.44504
164 164 1.76478
462 462 1.59693
363 324 1.83676
220 220 1.66206
128 128 1.62917
39 39 1.66206
219 416 1.07069
201 459 1.0495
342 256 2.63215
455 205 0.662701
284 180 4.42608
495 450 1.66206
94 94 1.62917
284 80 3.62417
150 459 0.894404
488 488 1.66206
294 294 1.76478
355 459 0.930885
266 342 0.988415
436 113 1.53434
445 219 1.62917
246 495 1.47421
456 128 1.62917
372 372 1.62917
368 95 1.69562
295 302 4.99005
495 495 1.53434
94 368 1.59693
289 289 1.66206
460 460 1.69562
33 33 1.76478
35 356 0.762229
105 105 1.76478
44 44 1.66206
457 457 1.56532
329 284 1.56532
368 94 1.76478
278 270 1.44504
105 385 2.0708
49 49 1.76478
126 278 2.15526
450 457 1.59693
160 327 3.08859
294 289 1.59693
22 354 0.703657
160 245 4.08596
489 333 0.732358
358 290 1.62917
44 94 1.69562
270 495 1.50398
105 15 2.02982
459 241 1.80041
278 278 1.56532
174 136 4.08596
368 368 1.69562
333 239 3.08859
181 354 0.930885
344 344 1.56532
245 333 0.762229
26 460 1.53434
5 5 1.76478
358 358 1.91168
175 358 0.968853
277 495 1.53434
31 162 0.676081
342 342 1.62917
457 450 1.50398
230 162 0.717864
49 125 2.24317
450 450 1.53434
492 288 2.15526
174 140 2.79482
344 450 1.66206
492 419 1.98965
212 212 1.91168
274 162 0.732358
468 492 1.50398
19 290 1.80041
22 162 0.703657
429 492 1.66206
109 354 0.732358
81 81 1.62917
429 429 1.66206
261 162 0.59967
80 333 0.747144
492 492 1.69562
79 144 1.95027
327 333 0.988415
390 390 1.72985
284 284 1.91168
142 162 0.912462
443 443 1.95027
290 333 1.38841
277 277 1.56532
242 242 1.66206
24 429 1.02873
239 333 0.949679
333 188 1.83676
174 147 2.42989
109 162 0.747144
320 429 0.876704
160 160 1.56532
424 424 1.87384
246 246 1.56532
354 162 1.50398
325 162 1.11436
188 174 1.69562
270 270 1.59693
354 354 1.56532
79 79 1.76478
44 290 0.762229
416 416 1.66206
188 239 3.08859
277 270 1.56532
260 371 1.80041
358 333 1.56532
270 278 1.69562
363 363 1.76478
333 333 1.87384
495 246 1.59693
286 39 1.59693
242 160 1.76478
344 246 1.53434
162 162 1.66206
188 188 1.91168
260 260 1.69562
457 246 1.38841
