276
259 429 1.69729
209 339 1.73146
198 70 2.52852
301 492 1.76631
16 429 1.03126
191 307 1.6638
200 429 0.896973
54 79 1.73146
117 197 1.53631
149 246 1.56723
232 390 1.73146
12 20 1.6638
168 277 1.56723
271 443 1.87514
296 98 1.76631
288 472 1.76631
253 419 1.73146
303 494 1.50599
72 113 1.56723
21 162 0.678581
171 280 1.53631
68 162 0.764777
14 162 0.734893
120 485 1.6638
212 450 1.69729
181 294 1.76631
9 12 1.63097
169 278 1.56723
126 163 0.544993
176 287 1.59878
164 495 1.53631
178 289 1.6638
48 72 1.59878
275 450 1.56723
154 205 0.626585
234 392 1.69729
280 457 1.59878
274 163 0.665191
269 441 1.56723
304 495 1.56723
298 488 1.73146
136 101 1.0948
13 459 0.879273
22 35 1.80187
64 99 1.6638
69 110 1.80187
156 495 1.6638
257 350 1.56723
79 98 2.19927
283 200 1.83814
105 173 1.2587
180 356 1.03126
297 487 1.69729
251 417 1.53631
31 48 1.73146
124 225 3.4782
40 62 1.69729
264 436 1.91289
279 456 1.91289
252 418 1.53631
47 71 1.83814
73 321 0.795877
152 250 1.63097
44 284 0.896973
100 159 1.6638
272 447 1.83814
19 29 1.69729
135 227 1.87514
30 47 1.76631
162 266 1.6638
75 145 0.915029
96 153 1.53631
187 302 1.76631
173 284 0.915029
215 353 1.59878
188 66 2.57942
256 145 0.780172
291 477 1.59878
99 157 1.80187
1 2 1.6638
227 477 1.69729
243 402 1.47627
61 91 1.6638
63 465 1.73146
286 145 0.811898
70 111 1.69729
155 255 1.83814
167 276 1.50599
223 374 1.56723
183 297 1.6638
157 266 1.99067
91 144 1.6638
84 418 1.44714
242 401 1.83814
276 452 1.76631
83 130 1.59878
192 41 0.626585
186 301 1.63097
277 453 1.63097
231 387 1.87514
246 408 1.63097
108 182 1.73146
163 269 1.6638
43 66 1.76631
76 119 1.76631
237 395 1.59878
98 156 1.56723
224 377 1.80187
177 288 1.63097
266 438 1.80187
205 331 1.76631
300 491 1.83814
217 361 1.83814
230 386 1.73146
182 296 1.63097
41 259 1.13932
35 54 1.73146
146 41 0.639198
114 413 1.73146
160 45 1.76631
287 468 1.80187
302 493 1.83814
28 43 1.56723
208 338 1.76631
172 281 1.80187
248 66 2.2887
267 330 2.11333
270 493 1.63097
285 240 1.80187
194 313 1.83814
148 19 0.734893
115 195 1.59878
57 87 1.80187
92 224 4.78457
216 119 1.87514
11 18 1.69729
8 41 0.578573
236 394 1.56723
141 233 1.80187
144 236 1.59878
210 148 1.59878
94 78 1.73146
95 151 1.59878
284 464 1.63097
273 448 1.69729
5 7 1.73146
53 78 1.6638
226 16 1.6638
201 41 0.734893
147 243 1.6638
249 336 1.59878
161 265 1.69729
103 167 1.76631
159 257 1.13932
49 73 1.80187
233 391 1.73146
278 454 1.6638
206 336 1.69729
199 319 1.59878
62 92 1.99067
128 41 0.665191
265 437 1.83814
139 231 1.87514
165 273 1.69729
225 378 1.69729
189 330 3.08618
125 475 1.56723
305 496 1.59878
106 180 1.87514
32 50 1.53631
134 225 1.6638
25 230 1.56723
67 104 1.6638
23 36 1.6638
306 497 1.73146
166 274 1.76631
93 148 1.69729
138 230 1.83814
220 367 1.83814
74 117 1.69729
260 430 1.59878
258 428 1.83814
214 411 1.47627
299 331 1.95139
158 261 1.6638
33 52 1.69729
151 248 1.91289
29 45 1.69729
294 482 1.6638
170 88 1.63097
97 154 1.76631
255 421 1.56723
129 215 1.80187
127 211 1.50599
121 86 1.56723
0 40 1.39059
89 22 1.87514
77 231 1.76631
213 345 1.6638
222 102 1.28404
56 86 1.76631
179 73 1.59878
130 56 1.41859
80 131 1.53631
58 166 1.63097
34 53 1.83814
244 404 1.6638
78 124 1.87514
262 129 1.63097
90 141 1.53631
17 27 1.83814
86 135 1.56723
46 70 1.76631
184 298 1.69729
247 58 1.56723
207 337 1.53631
110 186 1.69729
37 58 1.73146
102 458 1.73146
143 235 1.73146
238 396 1.80187
112 192 1.63097
20 30 1.69729
153 252 1.80187
131 222 1.73146
195 314 1.87514
7 330 1.76631
51 76 1.69729
218 364 1.80187
119 103 1.87514
113 185 0.749686
240 90 1.76631
202 247 2.15587
133 247 2.11333
150 247 1.80187
60 90 1.73146
82 319 1.87514
87 137 1.6638
245 405 1.80187
211 341 1.87514
65 314 1.95139
59 89 1.80187
36 57 1.59878
235 393 1.63097
38 59 1.73146
24 37 1.87514
52 299 1.6638
204 330 1.76631
145 421 1.80187
228 381 1.69729
55 82 1.83814
2 3 1.6638
221 315 2.15587
196 369 1.53631
71 112 1.80187
185 299 1.59878
111 190 1.87514
295 82 1.99067
292 90 1.53631
193 312 1.80187
219 366 1.44714
132 223 1.69729
137 229 1.83814
27 42 1.73146
42 74 1.87514
118 198 1.73146
88 138 1.63097
122 204 1.80187
241 400 1.87514
203 328 1.91289
39 61 1.83814
18 28 1.80187
6 8 1.63097
142 234 1.80187
66 103 1.76631
101 165 1.63097
