84
92 162 0.468869
95 205 0.362081
123 182 0.802002
57 162 0.369352
23 163 0.354954
65 244 0.786215
106 163 0.407954
116 163 0.362081
31 41 0.384334
128 459 0.497684
45 212 0.538878
15 309 0.347967
71 416 0.487887
74 416 0.487887
122 145 0.657405
30 356 0.433026
63 241 0.497684
107 145 0.468869
25 416 0.424502
78 207 0.644464
52 309 0.308839
6 321 0.487887
3 329 0.770738
73 92 0.684072
110 133 0.60715
62 78 0.90361
124 392 0.802002
9 41 0.369352
41 41 0.392051
67 41 0.290957
0 356 0.450591
14 41 0.30276
36 377 0.740693
85 41 0.321367
115 448 0.770738
97 394 0.71182
77 41 0.376768
53 248 0.818106
118 182 0.786215
28 485 0.786215
37 453 0.786215
99 229 1.03853
50 299 1.05939
43 443 0.619342
24 214 0.885822
61 273 0.770738
91 280 0.684072
72 155 0.571997
119 88 0.921754
17 255 0.959143
94 148 0.755567
132 491 0.802002
33 391 1.08066
80 464 0.959143
27 340 0.755567
29 148 0.786215
44 421 0.834534
48 71 0.560737
103 141 0.818106
11 127 0.868385
1 84 0.538878
81 148 0.726113
121 464 0.851291
82 30 1.67356
111 148 0.726113
16 306 0.940263
51 482 0.921754
88 345 0.726113
75 314 0.959143
13 59 0.940263
54 396 0.921754
47 77 0.755567
68 59 0.921754
55 464 0.851291
102 103 1.03853
96 90 0.885822
18 373 0.959143
40 231 0.770738
89 209 0.697808
113 112 1.08066
86 315 0.959143
98 315 0.921754
46 74 1.01809
20 312 0.802002
