258
220 390 1.04837
167 288 1.13572
181 307 1.04837
155 270 1.15868
271 462 0.841257
168 289 1.04837
244 119 1.38729
258 371 0.635733
166 287 0.948563
159 277 1.11322
8 12 1.00724
237 418 0.948563
149 162 0.38551
162 485 1.00724
165 496 0.8933
200 371 0.702623
135 236 0.948563
222 392 0.987291
160 270 1.04837
107 194 1.09117
212 377 1.06956
176 443 1.18209
171 294 1.0276
178 418 0.967733
140 246 1.13572
89 113 1.47312
260 182 1.23036
238 419 1.20598
68 194 0.841257
284 496 1.00724
10 18 1.11322
76 128 1.09117
28 48 1.00724
214 163 0.36305
60 423 1.35981
234 374 1.04837
100 163 0.341899
177 416 0.51014
265 131 1.15868
280 419 1.15868
37 113 1.11322
50 418 0.987291
283 495 1.06956
173 435 2.57956
91 153 0.8933
225 152 0.967733
65 110 1.0276
11 20 0.987291
115 225 2.02894
255 379 1.11322
86 441 1.18209
277 488 1.06956
44 195 1.25522
275 485 1.0276
27 41 0.401249
4 416 0.470902
109 444 0.792246
64 416 0.51014
235 374 1.09117
127 477 0.948563
54 356 0.315602
49 394 1.09117
80 133 0.875604
147 256 1.06956
193 309 0.335126
218 386 1.00724
153 257 0.8933
112 200 0.967733
101 182 1.00724
25 43 1.09117
269 468 1.09117
250 438 0.929772
19 439 1.13572
43 71 0.967733
78 438 1.06956
211 374 0.987291
224 394 0.967733
87 10 2.68487
182 41 0.348809
69 41 0.285556
13 380 1.18209
57 91 1.15868
16 29 0.929772
72 119 1.15868
257 284 0.541699
219 387 1.06956
179 236 0.858259
215 380 0.987291
230 402 0.8933
282 494 0.987291
233 408 1.0276
126 227 1.00724
259 185 0.490129
32 145 0.461574
66 111 1.00724
245 430 1.0276
195 321 0.598695
158 276 0.8933
203 353 0.987291
248 436 0.967733
154 269 1.23036
59 98 1.0276
148 257 1.06956
119 145 0.443468
95 41 0.370387
262 401 1.28059
94 157 1.04837
138 243 0.987291
229 401 1.0276
254 443 1.0276
267 465 0.987291
261 454 1.0276
132 233 1.06956
98 41 0.393301
256 36 1.13572
108 195 1.00724
246 92 0.824592
196 448 1.0276
29 50 1.00724
281 493 1.06956
161 279 1.04837
251 112 1.06956
188 320 0.8933
137 41 0.401249
93 156 0.911354
70 117 1.04837
38 64 1.04837
71 118 0.987291
40 155 0.461574
208 367 1.09117
184 313 1.04837
198 340 1.00724
170 293 1.00724
205 361 1.06956
253 442 1.04837
252 380 0.841257
53 87 1.06956
266 464 1.04837
278 19 0.38551
58 92 0.967733
221 391 1.09117
145 253 0.967733
194 336 1.04837
41 282 0.911354
143 250 1.0276
99 392 0.948563
187 319 0.987291
243 428 1.0276
285 497 0.987291
164 19 0.401249
156 273 1.0276
163 331 1.04837
249 437 1.0276
142 248 1.04837
129 230 1.04837
125 225 1.00724
18 31 1.06956
20 225 1.0276
279 103 1.28059
121 445 0.792246
74 124 1.00724
79 131 0.967733
130 231 1.04837
236 417 0.948563
213 378 1.0276
45 73 1.0276
22 38 1.00724
240 421 0.948563
118 211 0.929772
73 122 1.09117
77 129 1.04837
7 41 0.335126
134 235 1.11322
30 52 0.967733
232 405 0.987291
120 215 1.00724
242 20 1.0276
35 59 1.0276
42 70 1.00724
85 141 0.987291
139 245 1.00724
88 148 0.948563
202 411 0.841257
146 255 1.0276
111 204 1.0276
273 482 0.967733
34 58 1.0276
144 252 1.06956
39 61 1.0276
14 27 1.00724
169 291 0.987291
105 192 1.04837
9 17 1.04837
48 77 1.09117
67 112 1.09117
174 298 1.06956
52 86 0.987291
231 404 1.13572
175 77 1.06956
241 423 1.0276
6 112 0.929772
216 480 0.792246
217 382 0.987291
113 86 0.875604
81 393 1.04837
124 224 1.00724
183 312 1.00724
227 398 0.948563
106 253 0.967733
21 37 1.0276
201 345 0.8933
185 314 1.00724
75 127 1.00724
141 247 0.987291
17 30 0.987291
33 57 0.929772
223 393 1.00724
103 186 1.04837
47 76 1.00724
117 185 0.417632
61 314 1.04837
2 3 1.00724
56 373 1.28059
55 89 1.0276
192 103 1.0276
209 369 1.0276
239 420 1.00724
46 74 1.00724
136 238 1.00724
206 364 0.967733
207 366 0.967733
116 209 0.987291
24 42 0.987291
83 400 1.06956
82 137 0.948563
128 229 0.987291
31 210 1.11322
272 478 1.00724
104 190 1.00724
180 306 1.0276
123 223 1.0276
102 184 1.0276
199 341 1.11322
191 328 1.11322
210 373 0.987291
274 484 0.987291
114 204 0.967733
0 0 0.987291
5 8 1.00724
186 315 1.0276
62 103 0.987291
51 82 1.0276
36 61 0.987291
228 400 1.04837
150 262 1.04837
133 234 1.00724
15 28 0.967733
96 165 1.09117
