312
89 373 1.29368
10 37 2.08718
79 193 1.96605
175 373 1.88922
89 234 1.64321
240 82 1.74446
184 391 1.8154
109 185 0.786032
36 103 2.046
94 77 1.37339
156 341 2.00562
96 190 1.74446
167 10 2.046
43 217 1.40104
33 378 1.77958
194 330 2.00562
7 204 2.08718
33 391 1.54785
189 369 1.54785
142 112 2.08718
172 404 1.48736
156 252 1.64321
172 57 1.34629
143 373 1.77958
25 30 2.75891
228 464 1.579
189 315 1.85194
208 306 1.71004
193 319 1.8154
125 37 2.30589
184 482 1.61079
49 127 1.77958
146 137 1.579
175 129 1.48736
47 391 1.77958
89 314 1.45801
175 58 1.42924
26 76 1.96605
81 398 1.42924
81 393 1.5173
80 240 1.85194
36 314 1.579
10 337 1.42924
156 27 1.88922
214 330 2.44796
193 90 1.71004
133 405 1.67629
142 330 2.21578
224 389 1.48736
50 319 1.88922
206 77 1.54785
79 423 1.54785
96 337 1.37339
33 345 1.29368
53 345 1.34629
200 137 1.64321
189 328 2.046
27 185 1.0185
108 464 1.74446
194 52 1.34629
27 136 1.61079
176 322 1.40104
103 51 1.42924
52 136 1.67629
100 312 2.75891
7 389 1.31973
29 83 1.96605
108 482 1.71004
194 9 1.96605
162 158 1.40104
155 464 1.77958
142 221 1.45801
53 411 1.34629
18 451 1.5173
7 6 1.579
184 148 1.45801
130 287 1.17098
105 247 2.26039
197 141 1.61079
214 9 2.39966
104 247 2.08718
212 345 1.48736
47 58 1.5173
176 396 1.85194
212 148 1.5173
25 322 1.54785
100 482 1.74446
73 182 1.61079
198 199 3.36739
100 252 2.08718
113 223 2.1292
21 59 1.85194
143 314 2.00562
198 103 3.36739
49 280 1.42924
114 261 1.8154
92 303 2.00562
60 378 2.17206
176 458 1.64321
92 490 2.00562
50 345 1.54785
18 67 1.45801
238 203 1.92725
108 148 1.54785
214 322 1.48736
161 247 2.59879
50 148 1.579
191 166 1.54785
113 90 2.00562
203 280 1.42924
43 32 1.5173
99 234 3.048
199 221 1.77958
60 58 1.71004
118 391 2.17206
246 287 1.37339
2 84 1.05992
64 51 1.85194
137 217 1.40104
139 36 1.48736
73 453 1.45801
146 102 1.29368
122 273 1.42924
185 1 1.2186
211 375 1.85194
32 255 1.85194
187 394 1.45801
238 56 2.00562
105 248 1.88922
211 383 2.00562
238 347 1.48736
104 248 1.67629
42 114 1.96605
70 244 1.37339
204 280 1.5173
231 360 1.77958
141 247 2.6511
158 322 1.96605
185 388 1.24313
92 347 1.64321
139 448 1.31973
41 149 1.42924
3 244 1.61079
80 413 1.61079
185 485 1.24313
162 244 1.31973
191 88 1.74446
41 395 1.31973
25 293 1.42924
167 41 0.618834
42 56 2.81445
62 244 1.34629
247 322 1.17098
99 314 2.70447
222 88 2.54751
80 236 1.54785
178 383 2.046
157 352 0.95939
32 120 1.77958
230 30 4.54073
141 221 1.74446
60 367 1.85194
160 93 1.74446
224 41 0.740412
85 443 1.37339
36 97 0.998404
163 221 1.8154
167 47 1.54785
15 41 0.725802
211 431 1.96605
152 41 0.71148
174 234 3.048
163 9 2.70447
122 237 0.998404
174 312 2.8711
129 292 1.67629
158 411 1.74446
101 49 1.37339
199 403 1.61079
218 448 1.64321
178 431 2.00562
141 225 1.8154
158 345 1.74446
165 474 1.74446
129 63 1.67629
133 259 1.08126
226 195 2.26039
90 217 1.61079
218 300 1.579
178 281 2.59879
118 428 2.046
218 36 1.77958
90 497 2.44796
32 43 1.61079
247 439 1.64321
199 335 1.88922
105 41 0.56014
247 313 1.48736
3 385 2.00562
143 97 1.26816
88 19 0.71148
230 265 3.50432
164 357 1.31973
104 41 0.549086
124 394 1.74446
30 84 1.67629
103 19 0.683678
226 392 2.26039
46 123 1.77958
180 38 2.26039
226 477 2.21578
161 44 1.85194
180 230 2.046
74 381 3.10936
151 334 1.92725
114 38 1.74446
64 96 1.96605
160 244 1.579
21 64 1.85194
99 97 1.71004
191 365 0.69744
52 19 0.683678
71 173 1.2186
174 314 2.70447
161 334 1.92725
152 145 0.885877
78 189 1.88922
168 155 0.95939
18 48 1.19455
179 145 0.868396
82 396 3.43517
124 2 1.61079
222 401 2.6511
56 198 2.49724
139 207 0.834462
56 364 2.44796
31 85 1.61079
103 284 0.885877
8 450 1.92725
31 41 1.29368
88 284 1.039
31 177 1.92725
222 365 0.921901
96 321 0.834462
168 41 0.683678
131 177 1.77958
179 101 1.12523
160 173 1.42924
82 209 2.98786
153 207 1.2186
230 35 3.43517
82 185 1.74446
144 196 1.92725
56 401 2.39966
209 424 1.71004
10 342 1.05992
159 303 3.048
151 207 0.834462
1 356 0.885877
35 207 0.817996
159 490 3.048
168 207 0.817996
53 356 0.940459
209 309 1.42924
15 358 1.05992
243 342 1.26816
148 284 1.42924
179 174 0.71148
125 342 1.19455
74 7 3.36739
152 212 1.0185
135 290 1.26816
101 290 1.26816
88 212 1.0185
151 290 0.85126
42 309 1.2186
47 358 1.12523
225 262 5.22053
59 309 1.12523
133 459 0.606622
165 290 1.45801
52 212 0.903709
109 205 0.606622
148 290 1.26816
61 436 2.59879
21 459 0.670187
225 204 4.1928
48 198 4.54073
119 363 0.95939
225 405 4.54073
159 97 2.17206
122 162 0.770521
163 416 1.12523
76 309 1.37339
148 212 1.45801
61 152 1.85194
198 409 1.96605
165 333 1.42924
48 88 3.94946
243 459 0.921901
5 254 5.01653
180 162 0.868396
39 162 0.755317
114 162 0.71148
135 333 1.26816
101 333 1.19455
243 354 0.921901
48 401 4.1928
224 205 0.921901
181 163 1.29368
127 372 1.96605
11 372 2.00562
