1125
469 469 1.05057
37 323 0.877749
165 165 1.07176
136 210 1.59789
193 193 1.0298
37 37 1.0298
76 193 1.13793
74 74 1.00943
37 190 0.913515
82 82 1.00943
138 400 1.0298
74 199 0.950738
262 262 1.0298
61 74 1.00943
138 37 0.913515
262 400 1.05057
234 234 1.00943
28 28 0.969914
484 82 1.07176
400 37 0.93194
198 28 0.895454
210 210 0.969914
215 199 0.969914
330 103 1.0298
312 234 1.07176
400 400 1.0298
435 435 1.0298
82 484 0.969914
400 262 1.0298
198 42 1.0298
53 210 1.05057
138 138 0.969914
28 42 1.11543
484 484 0.989477
103 103 0.989477
8 8 1.00943
426 350 0.93194
315 328 1.13793
198 198 0.989477
337 190 1.20818
341 341 1.09337
364 28 0.950738
421 404 1.00943
426 20 1.0298
312 312 0.989477
306 306 1.0298
421 421 0.950738
74 61 0.989477
184 184 1.05057
89 373 1.00943
330 112 0.913515
61 61 0.989477
0 0 0.989477
190 323 0.989477
57 404 1.00943
328 328 1.11543
315 315 1.0298
366 404 1.0298
369 315 1.23255
9 103 1.05057
202 202 1.00943
319 319 0.989477
216 103 1.09337
238 328 1.38944
482 315 1.25741
61 204 0.93194
285 285 1.07176
3 3 0.989477
28 291 0.860395
410 59 1.59789
478 373 1.09337
373 373 0.989477
282 282 0.913515
88 198 1.18429
204 204 0.969914
57 366 0.950738
190 190 1.0298
314 373 0.895454
366 366 0.969914
42 42 1.00943
234 312 0.93194
238 315 1.25741
330 330 0.989477
204 61 1.0298
20 20 0.989477
100 100 1.00943
137 223 1.0298
127 127 1.00943
42 229 0.877749
229 229 1.00943
202 86 0.877749
315 369 0.860395
314 312 1.05057
247 224 0.877749
319 464 0.93194
199 199 1.0298
57 57 0.913515
112 112 1.07176
204 405 1.0298
310 103 1.50498
420 420 0.989477
323 323 1.05057
6 112 1.33504
209 240 1.0298
9 112 0.913515
451 426 1.09337
328 238 0.810364
223 223 1.0298
203 103 1.59789
366 57 0.93194
328 369 0.843384
106 51 0.895454
404 404 1.13793
100 89 0.950738
158 158 0.989477
117 117 1.05057
393 223 1.11543
141 404 1.16088
53 53 0.989477
234 314 0.877749
349 349 0.877749
369 369 1.0298
137 137 0.950738
337 349 0.913515
209 209 0.989477
478 478 1.00943
391 391 1.09337
341 27 1.00943
223 137 0.950738
378 378 1.0298
76 76 1.00943
478 398 0.860395
197 426 0.969914
65 74 1.07176
369 238 0.969914
192 192 1.05057
210 185 0.410973
89 89 1.0298
482 482 0.969914
312 314 0.950738
27 341 1.09337
337 337 0.913515
193 108 0.718861
112 330 1.16088
67 282 0.913515
252 341 1.30864
364 364 0.969914
310 112 1.33504
323 190 1.07176
90 373 1.28277
6 6 1.09337
129 391 1.16088
86 86 0.989477
451 350 1.09337
437 330 1.47522
10 10 0.989477
93 426 1.00943
464 464 1.05057
53 185 0.445147
259 229 1.63012
100 314 1.05057
398 478 1.11543
347 303 1.28277
393 398 0.93194
238 238 1.00943
347 375 1.0298
405 229 0.969914
30 30 0.989477
226 120 1.07176
434 330 1.50498
186 186 1.05057
385 169 0.989477
224 224 1.00943
229 204 0.989477
378 58 0.810364
89 314 1.13793
349 411 0.843384
320 320 0.895454
70 247 1.16088
299 299 1.07176
350 426 1.09337
404 57 1.0298
148 464 1.07176
340 391 1.18429
373 314 1.11543
247 247 0.989477
222 222 1.0298
77 299 1.05057
398 90 1.0298
274 222 1.09337
252 312 1.38944
393 393 1.00943
166 166 1.05057
127 131 0.895454
229 405 1.05057
322 396 1.20818
247 396 0.794342
103 490 0.67706
14 458 1.16088
193 253 0.969914
103 314 0.763243
240 240 1.0298
52 330 1.44605
30 298 0.989477
134 134 0.969914
423 423 0.989477
314 314 1.00943
217 217 0.969914
493 442 1.0298
382 382 0.989477
410 410 1.07176
389 389 1.00943
58 378 1.30864
254 239 0.950738
6 389 0.895454
90 90 1.0298
120 255 1.16088
341 428 0.794342
381 480 0.794342
332 239 0.826709
129 129 1.05057
299 77 1.07176
226 16 1.05057
129 58 0.989477
298 298 1.05057
415 426 1.0298
14 14 1.0298
345 345 0.895454
83 83 1.05057
216 216 0.969914
124 373 1.28277
80 239 0.895454
349 305 0.794342
345 411 0.895454
303 303 1.11543
222 22 0.969914
398 398 0.950738
259 30 1.83762
77 77 1.09337
38 261 1.0298
140 185 0.794342
141 141 0.989477
112 9 1.16088
303 221 1.05057
252 252 1.07176
381 291 1.00943
136 136 1.11543
224 247 1.13793
235 435 1.18429
490 303 1.05057
405 61 0.989477
17 17 1.05057
182 182 1.00943
255 255 1.00943
135 393 1.05057
437 9 1.44605
465 240 1.09337
42 405 0.913515
236 240 1.11543
391 148 0.913515
245 282 0.950738
58 58 1.0298
316 316 1.0298
27 27 1.00943
148 148 0.950738
245 245 1.00943
222 21 0.93194
490 490 1.05057
376 391 1.28277
381 381 1.07176
350 350 1.09337
434 434 0.950738
233 103 1.87468
451 451 1.00943
52 52 0.969914
59 59 1.0298
303 203 1.18429
442 442 1.0298
235 235 1.11543
221 112 1.5663
59 330 0.950738
405 405 0.989477
136 332 1.20818
131 377 0.950738
322 322 0.950738
409 103 1.91249
90 314 1.44605
70 70 1.00943
376 378 1.38944
9 310 0.733361
122 122 1.0298
444 11 1.05057
378 233 0.877749
489 489 0.969914
347 347 1.05057
367 378 1.25741
257 229 1.50498
96 176 1.23255
391 428 1.00943
291 291 0.989477
134 370 1.00943
396 396 1.05057
428 378 1.23255
231 231 1.05057
490 203 1.11543
135 135 1.05057
331 176 0.93194
217 70 1.38944
139 22 1.18429
120 120 1.11543
379 282 0.913515
46 46 1.0298
16 36 0.989477
383 375 1.0298
88 88 1.00943
340 340 0.989477
87 240 1.09337
433 204 1.73076
124 124 1.00943
396 166 1.0298
199 216 0.93194
58 340 1.00943
433 458 1.23255
215 215 0.989477
131 131 0.969914
355 59 1.63012
437 437 1.0298
200 449 1.09337
75 209 1.11543
213 213 0.969914
214 118 0.810364
203 490 1.07176
434 437 1.05057
449 54 0.93194
343 136 1.0298
65 65 1.0298
211 211 0.93194
134 34 1.05057
318 330 1.76567
240 167 0.969914
142 142 1.05057
491 330 1.18429
320 24 0.843384
385 93 1.07176
364 401 0.93194
182 280 0.913515
291 73 0.877749
458 247 1.69654
38 38 1.00943
11 11 1.05057
318 30 1.99042
230 31 1.00943
348 93 1.05057
411 345 1.0298
417 280 1.0298
305 30 1.95107
150 310 1.05057
236 377 1.00943
375 375 1.11543
310 310 1.05057
225 225 1.00943
16 300 0.860395
116 116 1.00943
36 167 1.00943
203 203 1.11543
139 139 1.07176
36 36 0.950738
370 370 0.989477
109 31 1.16088
36 225 1.0298
169 158 1.07176
231 122 1.11543
254 254 1.0298
197 93 0.989477
458 396 1.33504
340 338 0.969914
255 36 0.989477
22 139 0.950738
287 287 0.93194
350 451 1.00943
253 108 0.748153
167 167 1.00943
458 458 1.18429
131 280 0.950738
438 438 0.913515
208 208 1.05057
194 240 1.20818
408 57 1.28277
172 426 1.11543
331 331 1.05057
386 386 1.00943
201 370 1.11543
379 87 0.93194
108 108 1.0298
360 360 0.989477
248 247 1.28277
415 451 0.950738
107 360 1.09337
273 154 1.07176
375 203 1.47522
483 136 1.07176
27 56 1.07176
360 107 0.989477
311 311 1.16088
59 9 0.93194
107 107 1.09337
34 34 1.00943
230 38 1.18429
463 360 1.09337
417 417 0.950738
396 88 1.18429
167 54 0.989477
479 120 1.05057
230 230 1.05057
438 130 0.895454
465 465 0.989477
80 16 0.989477
293 322 1.07176
273 437 1.05057
370 34 0.989477
71 42 1.99042
281 331 1.0298
150 150 1.0298
24 243 1.0298
128 304 0.826709
433 322 1.07176
110 224 1.5663
92 36 1.05057
439 330 1.13793
127 200 0.826709
93 93 1.05057
73 73 1.0298
367 428 1.07176
221 221 1.11543
441 228 0.913515
318 9 1.73076
383 347 1.05057
92 225 1.18429
410 335 1.00943
305 52 1.18429
253 253 0.969914
116 155 0.913515
16 281 1.20818
87 87 1.05057
343 483 1.05057
161 161 0.969914
408 141 1.20818
479 16 1.00943
169 254 1.0298
428 428 1.0298
320 111 0.950738
463 107 1.09337
197 415 0.950738
201 201 0.950738
353 353 0.989477
497 497 0.989477
272 272 1.07176
274 274 1.05057
273 273 0.989477
7 7 0.989477
143 396 1.16088
250 350 1.11543
195 243 0.860395
348 348 1.00943
180 180 1.00943
153 153 0.895454
322 293 0.877749
379 479 0.950738
243 243 0.969914
20 156 0.748153
233 58 0.969914
377 377 1.07176
265 265 1.0298
353 93 1.09337
228 131 1.05057
181 181 1.09337
64 59 1.0298
83 431 1.11543
313 491 1.11543
298 259 0.650552
431 431 1.05057
209 41 0.402848
124 233 1.05057
119 119 1.16088
375 56 1.53533
178 392 0.950738
338 36 1.09337
196 345 1.16088
31 31 1.07176
54 54 1.05057
444 444 0.969914
281 281 1.05057
305 322 1.09337
244 244 1.00943
156 118 0.950738
415 93 1.09337
10 41 0.323402
30 259 0.612724
370 324 0.877749
291 313 0.860395
178 43 0.93194
110 240 1.18429
399 399 0.93194
430 430 1.0298
317 317 1.0298
418 280 1.0298
92 92 0.969914
300 300 0.989477
467 28 1.38944
367 367 1.09337
466 73 1.69654
304 304 1.13793
87 54 1.05057
453 182 1.23255
360 463 0.969914
441 236 0.860395
239 239 1.0298
43 178 1.07176
428 367 1.05057
107 463 1.05057
493 493 1.00943
336 336 1.16088
41 362 2.63245
491 491 1.00943
31 230 1.13793
474 474 1.00943
114 114 1.0298
98 98 1.00943
463 463 1.05057
361 361 1.0298
338 338 1.0298
50 50 0.989477
283 283 1.0298
195 195 1.00943
56 375 0.826709
417 156 0.93194
392 392 0.989477
324 370 1.11543
448 36 1.13793
392 228 0.989477
102 102 1.00943
243 195 1.13793
52 293 0.843384
172 451 1.0298
468 468 1.07176
70 41 0.304597
259 259 1.07176
394 394 0.969914
248 248 1.0298
228 228 1.00943
118 118 0.989477
296 296 1.00943
145 10 2.68555
140 140 0.93194
4 304 0.826709
236 236 0.93194
250 451 1.07176
362 362 1.11543
130 438 1.07176
438 297 0.843384
313 313 1.05057
338 448 1.0298
233 233 1.07176
276 18 1.00943
226 26 0.969914
494 415 1.0298
187 114 1.00943
146 360 1.09337
49 239 1.76567
178 271 0.826709
56 203 1.09337
196 196 1.0298
489 96 0.794342
261 261 1.0298
125 19 0.612724
283 139 1.11543
279 279 1.05057
177 177 0.913515
313 439 1.16088
140 177 0.913515
442 493 1.00943
219 375 0.895454
384 384 1.13793
64 9 0.93194
376 376 0.989477
262 257 0.650552
68 68 0.989477
71 405 1.83762
432 432 0.989477
86 47 0.895454
443 18 1.0298
96 96 0.969914
180 176 0.748153
276 443 0.989477
485 98 1.05057
240 41 0.387076
154 38 1.38944
97 330 2.11331
24 24 0.969914
373 97 0.704648
479 271 0.860395
130 130 1.07176
43 195 1.0298
225 41 0.427719
465 99 0.969914
115 115 0.989477
111 280 1.09337
331 19 0.371921
302 7 1.18429
453 453 1.11543
156 156 0.895454
154 154 1.0298
185 185 0.989477
224 41 0.304597
7 41 0.323402
187 56 1.44605
119 18 1.05057
448 448 1.0298
293 293 0.989477
441 380 0.843384
480 224 1.53533
280 98 1.0298
447 202 1.18429
491 439 1.0298
176 176 1.07176
443 443 1.00943
227 367 1.09337
355 259 1.05057
167 41 0.379423
88 365 0.371921
392 477 0.93194
467 291 1.25741
454 454 1.0298
377 24 0.877749
250 250 1.07176
73 266 1.00943
380 228 1.07176
494 494 0.989477
114 281 1.47522
477 195 1.05057
418 418 0.950738
187 187 1.00943
228 477 0.950738
200 485 0.989477
154 273 0.950738
159 41 0.35736
98 485 0.989477
481 225 1.09337
241 65 2.28904
56 56 1.11543
439 491 0.969914
118 156 0.93194
476 483 1.50498
422 422 1.13793
227 387 1.05057
41 140 1.63012
292 422 1.11543
157 157 1.05057
172 172 1.00943
475 388 0.950738
43 43 1.07176
324 324 0.969914
69 69 1.09337
194 236 1.00943
173 451 1.36197
409 409 1.05057
67 329 0.625082
146 463 1.05057
325 325 1.05057
200 200 0.969914
206 149 1.05057
85 85 0.895454
41 177 1.47522
480 247 1.69654
115 41 0.286885
189 489 1.38944
481 300 0.843384
425 425 0.913515
383 179 0.860395
120 26 0.989477
66 66 0.989477
146 146 1.0298
412 412 1.0298
219 56 1.20818
387 387 1.05057
385 385 0.969914
388 388 0.969914
374 110 0.989477
66 41 0.310741
292 292 1.13793
261 38 1.00943
25 25 1.00943
15 26 1.05057
485 485 1.0298
79 418 0.989477
326 326 0.93194
408 408 1.00943
4 126 0.794342
32 32 1.05057
271 271 1.00943
18 18 1.11543
302 41 0.323402
161 329 0.843384
24 380 1.11543
448 47 1.00943
282 132 0.794342
480 381 1.38944
439 439 0.989477
297 438 1.16088
384 445 1.11543
401 401 0.969914
248 41 0.33658
445 203 1.07176
115 365 0.410973
110 110 1.00943
173 250 1.38944
413 110 1.00943
280 485 1.00943
68 179 0.810364
75 365 0.577095
111 111 1.00943
335 56 1.13793
235 365 0.364568
173 93 1.33504
413 413 1.09337
109 109 1.0298
453 418 1.0298
279 41 0.264861
466 466 1.11543
227 227 1.00943
18 443 1.09337
239 281 1.47522
300 179 0.794342
195 380 0.989477
470 470 0.969914
362 334 1.00943
486 36 1.38944
418 12 0.913515
15 15 1.00943
185 155 0.913515
449 159 0.969914
455 41 0.402848
444 470 0.969914
377 380 0.969914
483 19 0.427719
424 424 1.0298
485 200 1.00943
476 281 1.36197
436 436 0.969914
119 357 0.969914
71 71 0.969914
83 189 0.969914
145 308 2.63245
380 380 0.989477
295 295 0.950738
361 47 0.950738
477 477 1.05057
460 353 1.23255
361 41 0.379423
133 133 0.877749
445 56 1.09337
387 227 1.00943
11 470 0.950738
334 445 1.07176
64 64 1.0298
309 384 2.73972
460 250 1.23255
401 467 0.763243
237 237 1.05057
143 365 0.522257
99 98 1.0298
97 313 1.73076
31 109 0.950738
455 365 0.543537
327 239 1.07176
202 486 0.588735
445 445 1.09337
159 159 0.950738
321 201 1.28277
401 456 0.860395
18 357 1.0298
1 1 1.07176
335 335 1.07176
26 26 0.989477
125 147 0.969914
73 257 0.93194
176 96 0.860395
276 276 0.895454
357 357 1.0298
443 276 0.913515
49 49 1.0298
257 257 1.0298
86 486 0.67706
13 105 0.989477
69 357 1.05057
144 144 0.989477
254 132 0.93194
374 374 0.989477
214 145 0.436346
402 402 0.895454
101 386 1.63012
99 485 0.93194
10 145 0.402848
332 132 0.810364
447 379 1.09337
327 327 1.16088
335 334 1.16088
413 374 1.0298
244 173 0.913515
125 125 0.969914
288 288 1.13793
179 27 1.91249
147 147 0.950738
447 447 1.05057
309 331 3.02739
1 388 1.09337
12 380 1.07176
334 334 1.11543
183 183 0.950738
78 78 1.23255
175 167 1.28277
452 452 0.989477
282 284 0.511931
219 219 1.09337
323 35 1.07176
99 374 1.05057
406 406 0.950738
147 125 0.950738
476 476 0.989477
456 401 1.25741
321 266 1.87468
488 257 1.0298
467 467 1.00943
384 219 1.0298
269 269 1.23255
116 309 0.67706
175 175 1.13793
302 302 1.07176
353 173 0.763243
163 166 2.38231
194 194 0.913515
386 145 0.419263
163 14 1.73076
456 456 1.07176
78 394 1.16088
179 347 1.50498
308 155 0.47263
12 12 1.05057
105 105 1.0298
214 101 0.625082
48 53 1.80128
97 97 1.07176
54 145 0.454126
309 334 2.79498
189 189 1.07176
460 385 1.16088
67 284 0.511931
114 125 0.93194
207 36 1.80128
26 173 0.860395
66 145 0.371921
188 188 1.0298
207 225 2.03057
395 412 1.36197
106 160 0.47263
489 284 0.511931
29 29 0.969914
472 472 0.969914
403 403 1.11543
225 207 0.491888
144 29 1.13793
449 284 0.522257
481 481 1.05057
48 67 1.18429
96 101 0.860395
190 321 0.511931
288 419 1.05057
266 266 0.989477
161 101 0.860395
386 101 0.600609
308 308 0.989477
403 335 1.28277
159 101 0.625082
180 145 0.379423
80 284 0.565685
47 10 1.36197
256 344 1.11543
354 142 1.95107
54 101 0.625082
35 491 1.09337
486 486 1.00943
12 194 0.93194
289 426 1.23255
217 321 0.663674
462 441 1.28277
308 41 0.33658
179 179 1.09337
47 361 1.11543
105 173 1.00943
191 191 0.969914
72 243 1.11543
395 436 1.44605
354 491 2.15593
293 356 0.588735
403 219 1.23255
201 321 0.718861
281 290 0.463286
256 256 1.05057
486 481 1.59789
289 172 1.11543
35 439 1.11543
185 309 0.650552
294 441 1.23255
4 81 0.950738
126 126 1.11543
47 47 0.969914
266 257 0.895454
162 261 2.63245
72 195 1.23255
487 400 1.41746
466 321 0.93194
462 477 1.16088
266 256 0.950738
51 290 0.663674
243 462 0.969914
488 488 1.0298
241 241 0.950738
380 462 0.810364
257 342 0.704648
332 290 0.47263
342 457 1.59789
256 495 1.07176
260 371 1.07176
101 101 1.00943
300 290 0.67706
7 416 0.463286
488 342 0.663674
79 79 0.895454
218 39 0.843384
144 79 0.913515
343 290 0.47263
372 372 0.950738
215 459 0.379423
126 456 1.53533
483 290 0.491888
472 79 0.969914
321 321 1.00943
95 95 1.11543
162 237 1.33504
246 450 1.20818
95 44 1.20818
298 459 0.343369
216 459 0.419263
342 495 1.47522
477 462 0.877749
68 358 0.763243
351 176 1.09337
207 207 1.00943
329 380 1.69654
95 94 1.20818
113 113 0.913515
19 331 2.96754
268 268 1.20818
48 48 0.989477
284 284 1.0298
334 290 0.50181
492 12 1.47522
358 290 0.895454
362 290 0.454126
492 419 1.25741
459 298 2.58041
221 416 0.718861
35 35 1.0298
150 459 0.577095
39 372 0.969914
19 281 2.79498
199 459 0.402848
39 39 0.969914
155 155 1.00943
351 351 1.09337
65 459 0.387076
147 174 0.704648
176 212 0.577095
487 487 1.07176
329 329 1.05057
456 356 0.402848
142 459 0.588735
301 443 1.20818
351 44 1.13793
246 495 1.05057
301 454 1.663
348 460 0.843384
210 205 0.317008
390 72 1.13793
355 459 0.588735
495 344 1.09337
149 113 1.47522
15 460 0.93194
389 205 0.577095
462 462 0.969914
160 254 2.47938
14 205 0.600609
429 492 0.895454
253 205 0.317008
160 327 2.07152
301 276 1.09337
268 368 1.18429
19 19 1.0298
419 419 1.20818
358 358 0.989477
94 445 1.11543
72 390 0.950738
237 459 0.690717
220 267 1.11543
429 436 1.91249
389 163 0.511931
220 175 1.13793
429 357 1.16088
94 44 1.09337
471 221 1.5663
390 390 1.05057
284 290 0.895454
5 5 0.93194
294 294 1.0298
101 212 0.778637
368 175 1.07176
26 460 0.913515
371 371 0.913515
75 205 0.511931
289 289 1.0298
44 445 1.11543
241 459 0.877749
457 457 1.00943
94 94 1.11543
324 363 0.913515
495 495 1.05057
155 219 1.76567
368 95 1.16088
143 205 0.454126
471 367 1.44605
220 19 0.402848
260 260 0.989477
342 342 0.895454
455 205 0.463286
105 460 1.09337
457 450 0.969914
44 44 1.09337
212 284 1.00943
132 489 1.36197
487 35 0.989477
212 101 1.30864
132 331 1.41746
175 358 0.650552
174 239 1.91249
155 125 1.11543
368 368 1.16088
174 180 3.27913
344 487 1.11543
81 456 1.38944
459 241 0.969914
471 471 1.07176
22 354 0.491888
363 363 0.950738
181 354 0.588735
278 277 1.00943
38 162 0.394883
356 356 0.989477
344 344 1.0298
51 333 0.612724
274 162 0.445147
171 496 4.42432
290 300 1.663
277 256 1.0298
416 410 1.69654
329 212 0.877749
344 256 0.969914
325 354 0.63769
212 212 0.989477
142 162 0.600609
139 162 0.511931
474 333 0.860395
359 359 0.969914
22 162 0.47263
160 160 1.00943
109 162 0.47263
81 81 1.11543
325 162 0.650552
290 334 2.33521
450 457 1.05057
268 212 0.565685
450 450 1.0298
163 163 0.950738
261 162 0.379423
278 270 1.00943
132 132 1.07176
246 246 1.11543
270 277 1.13793
333 239 1.80128
145 492 0.895454
242 406 1.09337
327 333 0.600609
492 492 0.989477
278 278 1.05057
237 162 0.733361
277 277 1.07176
44 290 0.511931
239 333 0.612724
270 270 1.11543
358 333 0.860395
416 219 1.663
495 246 1.09337
286 286 0.93194
174 147 1.47522
270 278 1.18429
354 354 0.989477
459 459 0.895454
290 290 1.0298
277 270 1.07176
284 333 0.895454
242 242 1.00943
333 333 1.05057
450 246 0.950738
416 416 0.989477
457 246 0.895454
333 188 1.00943
