300
274 429 2.01395
153 246 2.01395
181 287 1.97407
317 492 2.01395
243 390 2.01395
120 197 2.01395
290 450 2.05463
186 294 2.01395
50 72 1.97407
174 278 2.01395
299 462 2.01395
180 285 1.97407
169 270 2.01395
56 79 1.97407
265 418 2.01395
221 344 2.05463
75 113 2.01395
13 20 1.97407
173 277 2.01395
110 459 1.04096
312 485 1.97407
320 495 2.01395
183 289 2.01395
72 110 1.97407
296 457 2.05463
126 206 2.01395
266 419 2.01395
84 128 2.01395
33 48 2.01395
264 417 2.01395
24 35 2.01395
127 207 2.01395
88 133 2.01395
161 256 2.01395
95 145 2.01395
292 453 2.01395
314 488 2.01395
304 472 2.01395
65 98 2.01395
179 241 1.12765
21 29 2.01395
101 156 2.01395
313 487 2.09613
117 194 2.01395
99 153 2.01395
192 302 2.01395
255 402 2.01395
271 426 2.01395
172 276 2.01395
103 159 1.97407
108 178 2.01395
167 266 2.01395
291 452 2.01395
232 374 2.01395
295 456 2.01395
1 2 2.01395
176 280 2.01395
63 91 2.01395
218 339 1.97407
111 182 2.01395
94 144 2.01395
162 257 1.97407
123 200 1.97407
42 62 2.01395
9 12 1.97407
83 127 2.01395
254 401 2.01395
237 380 2.01395
198 247 2.61191
279 436 2.01395
302 467 2.01395
287 447 2.01395
225 357 1.97407
168 269 1.97407
140 228 1.97407
282 439 2.01395
71 109 2.01395
182 288 2.01395
258 408 2.01395
191 301 2.01395
199 311 1.71619
139 227 2.01395
43 64 2.01395
234 377 1.97407
165 263 1.97407
188 297 1.97407
319 494 1.97407
45 66 2.01395
66 99 1.97407
224 353 1.97407
307 477 2.01395
32 47 1.97407
196 307 2.01395
73 111 1.97407
187 296 2.01395
177 281 1.97407
205 318 1.97407
185 293 2.01395
284 441 2.01395
201 313 2.01395
236 379 1.97407
245 392 1.97407
197 308 2.01395
286 443 2.01395
303 468 2.01395
318 493 1.97407
97 149 2.01395
30 43 1.97407
102 157 2.01395
49 71 1.97407
86 130 2.01395
3 4 2.01395
17 24 2.01395
261 412 2.05463
248 395 1.97407
247 394 2.01395
157 250 1.97407
262 413 1.97407
193 304 2.13848
151 243 2.01395
98 151 2.01395
78 118 1.97407
150 240 2.01395
241 387 2.01395
28 40 2.01395
37 54 1.97407
316 491 2.01395
12 18 2.01395
281 438 2.01395
293 454 2.01395
288 448 2.01395
240 386 2.01395
250 397 2.01395
34 50 1.97407
118 195 2.01395
305 473 1.97407
69 104 2.01395
87 131 1.97407
76 115 1.97407
27 38 2.01395
55 78 2.01395
213 331 2.01395
148 236 1.97407
219 340 2.01395
175 279 2.01395
119 196 2.01395
207 320 2.01395
5 7 2.01395
275 430 2.01395
170 273 1.97407
322 497 2.01395
301 465 2.01395
107 170 1.97407
229 367 2.01395
109 180 2.01395
289 449 2.01395
194 305 1.97407
14 21 2.01395
215 336 2.01395
159 253 2.01395
64 92 2.01395
300 464 2.01395
280 437 2.01395
171 274 2.01395
58 86 2.01395
145 233 2.01395
47 69 2.01395
106 167 2.01395
155 248 2.01395
166 265 2.01395
46 67 1.97407
217 338 1.97407
133 215 2.01395
160 255 2.01395
130 211 2.01395
142 230 2.01395
285 442 2.01395
60 88 2.01395
59 87 2.01395
206 319 1.97407
51 73 2.01395
25 36 1.97407
53 76 2.01395
273 428 2.01395
100 154 1.97407
178 282 2.01395
226 361 2.01395
138 225 1.97407
4 458 1.89667
44 65 2.01395
315 489 1.97407
223 349 1.97407
23 31 2.01395
31 45 2.01395
79 119 2.01395
15 22 2.01395
92 139 2.01395
132 214 2.01395
260 322 2.22574
80 122 2.01395
244 391 2.01395
184 291 1.97407
96 148 2.01395
77 117 2.01395
227 364 2.01395
277 434 2.01395
124 202 2.01395
89 135 2.01395
208 322 2.01395
152 245 2.01395
321 496 1.97407
163 261 2.01395
235 378 2.01395
222 345 2.01395
19 27 2.01395
204 316 2.01395
202 314 2.01395
8 10 1.97407
35 52 2.01395
93 141 2.01395
48 70 2.01395
36 53 2.01395
134 216 2.01395
7 9 2.01395
195 306 2.01395
81 124 2.01395
39 58 2.01395
85 129 1.97407
297 458 2.01395
143 231 2.01395
310 482 2.01395
246 393 2.01395
269 423 2.01395
256 404 2.01395
22 30 2.01395
11 17 2.01395
135 222 2.01395
189 298 2.01395
105 166 2.01395
268 421 1.97407
249 396 2.01395
239 382 2.01395
216 337 1.97407
61 89 2.01395
38 57 2.01395
116 193 2.01395
54 77 1.97407
90 137 2.01395
129 210 2.01395
251 398 2.01395
154 247 2.01395
26 37 2.01395
158 252 2.01395
149 238 2.01395
200 312 2.01395
238 381 2.01395
267 420 1.97407
257 405 2.01395
113 186 2.01395
128 209 1.97407
209 323 2.05463
230 369 2.01395
228 366 2.01395
122 199 2.01395
67 100 2.01395
115 192 1.97407
137 224 2.01395
62 90 2.01395
40 59 2.01395
212 330 2.01395
147 235 2.01395
190 299 2.01395
91 138 2.01395
308 478 2.01395
29 42 2.01395
2 3 2.01395
125 204 2.01395
311 484 2.01395
203 315 2.01395
136 223 2.01395
114 190 2.01395
220 341 2.01395
41 61 2.01395
74 112 2.01395
112 184 2.01395
164 262 2.01395
0 0 2.01395
253 400 2.01395
144 232 2.01395
231 373 2.01395
211 328 2.01395
6 8 2.01395
57 82 2.01395
20 28 1.97407
146 234 2.01395
278 435 1.97407
141 229 2.01395
121 198 2.01395
68 103 2.01395
104 165 1.97407
