87
132 492 1.0393
24 162 0.684438
70 287 1.06018
54 356 4.71268
34 162 0.771196
40 48 1.24305
66 356 0.459795
69 294 1.81393
137 306 2.49365
71 354 0.60744
124 163 0.583749
37 244 1.21857
61 162 0.583749
102 356 0.488067
82 41 0.64479
60 205 0.595476
14 459 0.560982
41 453 1.21857
81 174 0.771196
138 321 1.01883
83 36 1.92546
75 416 0.756008
49 309 0.583749
100 98 1.06018
33 356 0.78669
130 127 1.96415
141 287 1.17104
1 356 0.712215
56 309 0.572252
15 436 1.51661
139 417 2.3492
19 255 1.81393
121 251 0.959817
97 31 1.81393
90 41 0.549934
96 280 1.12537
101 411 2.3492
123 167 1.81393
85 464 1.42876
87 35 2.59485
105 401 1.7782
131 464 1.34599
26 149 1.19457
128 401 1.88754
35 127 2.80974
10 41 0.583749
6 320 1.45746
77 58 1.2935
4 228 1.96415
57 248 1.57816
110 295 0.88641
72 259 0.922383
142 439 1.37303
109 141 1.40062
36 391 1.64221
28 240 2.98251
27 7 1.54708
58 71 1.19457
45 110 1.51661
118 319 1.54708
55 404 1.6752
47 443 1.0393
32 319 1.48674
44 423 1.51661
46 177 0.940914
48 77 1.06018
12 67 1.34599
59 464 1.48674
99 148 1.24305
65 31 1.51661
18 76 1.81393
93 398 1.19457
94 475 1.08148
31 280 1.19457
108 103 1.81393
120 112 2.08492
78 221 1.2935
86 482 1.26802
29 482 1.31948
79 482 1.26802
51 77 1.19457
22 314 1.31948
52 349 1.08148
104 421 1.2935
5 204 1.96415
91 404 1.26802
50 74 1.85037
