297
8 400 2.1946
172 404 1.28064
240 82 1.56339
175 373 1.53251
189 328 1.79769
146 373 1.59489
224 6 1.62703
109 185 0.718074
194 112 1.62703
206 299 1.23055
81 373 1.47257
194 103 1.83391
172 57 1.15906
146 90 1.30644
189 421 1.28064
193 421 1.38702
191 42 2.06711
142 112 1.83391
47 319 1.44348
193 319 1.41497
89 373 1.20624
184 391 1.47257
247 323 1.30644
36 312 1.38702
228 464 1.33277
189 315 1.59489
89 234 1.53251
27 185 0.930683
94 77 1.18242
194 330 1.72738
70 127 1.41497
50 319 1.50224
94 299 1.18242
185 185 0.762363
156 482 1.28064
81 398 1.09173
49 127 1.50224
175 398 1.20624
142 378 1.41497
80 240 1.50224
96 349 1.09173
7 6 1.47257
26 306 1.56339
212 319 1.53251
143 482 1.25534
108 464 1.47257
47 482 1.33277
36 314 1.33277
60 391 1.65981
155 464 1.41497
214 112 2.10876
69 350 1.38702
53 345 1.09173
21 59 1.59489
53 411 1.09173
133 59 1.41497
89 314 1.33277
161 247 2.1946
100 404 1.69326
7 458 1.38702
99 373 1.98626
79 282 1.20624
142 221 1.28064
184 148 1.23055
156 148 1.15906
200 137 1.38702
18 127 1.53251
191 396 1.44348
143 90 1.28064
25 322 1.30644
186 223 1.69326
33 345 1.15906
238 303 1.59489
208 182 1.33277
143 315 1.56339
197 141 1.38702
139 58 1.28064
7 204 1.94702
73 182 1.35962
130 287 1.04903
176 322 1.30644
179 280 1.11373
92 303 1.79769
49 280 1.20624
153 58 1.50224
238 203 1.65981
167 240 1.62703
92 490 1.79769
146 102 1.04903
104 247 1.94702
230 330 3.76084
2 84 0.842329
218 58 1.44348
16 287 1.18242
246 287 1.15906
122 230 1.59489
40 280 1.13617
214 322 1.38702
122 31 1.50224
185 98 1.04903
60 148 1.38702
114 38 1.44348
9 320 1.35962
203 280 1.18242
114 230 1.30644
92 428 1.47257
43 32 1.28064
247 491 1.33277
238 347 1.30644
208 280 1.23055
176 475 1.09173
118 391 1.87087
138 52 1.76218
32 86 1.76218
151 362 1.87087
73 453 1.23055
104 70 1.65981
161 155 0.876617
99 314 2.1946
139 448 1.15906
3 146 1.35962
211 375 1.59489
180 31 1.79769
199 303 1.65981
80 413 1.30644
54 139 1.47257
69 93 1.41497
39 38 1.62703
176 293 1.23055
236 280 1.28064
138 434 1.56339
104 248 1.59489
78 327 1.44348
49 485 1.20624
243 491 1.83391
138 411 1.47257
199 221 1.53251
60 367 1.62703
185 485 1.02831
211 383 1.69326
21 259 1.04903
165 333 1.56339
163 330 2.4248
180 230 1.83391
41 149 1.20624
230 9 3.76084
247 439 1.38702
15 41 0.565199
32 255 1.69326
145 77 1.72738
226 280 1.41497
230 73 3.20606
218 448 1.30644
9 24 1.18242
8 84 1.25534
133 259 0.9123
179 329 0.9123
62 244 1.20624
78 120 1.98626
41 395 1.11373
152 41 0.612149
141 155 0.968568
133 64 1.41497
90 497 2.06711
36 97 0.825691
160 93 1.53251
214 293 1.30644
113 199 3.27067
191 401 1.79769
113 74 3.47239
224 41 0.732544
52 140 1.18242
103 19 0.663
174 103 3.14274
32 120 1.62703
163 9 2.3769
132 296 1.28064
157 352 0.842329
211 431 1.65981
223 401 1.87087
23 49 1.18242
18 200 1.23055
81 97 1.07016
174 112 2.7882
27 19 0.600058
128 153 1.33277
151 41 0.663
131 28 3.33657
167 47 1.35962
56 198 2.15125
42 41 1.15906
88 19 0.676359
52 19 0.649904
121 177 1.38702
167 41 0.521849
74 480 2.06711
199 335 1.65981
128 244 1.30644
71 329 0.968568
113 65 3.33657
222 365 0.809382
109 145 0.565199
31 177 1.47257
70 329 0.968568
80 145 0.747304
159 303 2.47366
168 155 0.842329
71 173 1.15906
131 204 3.20606
222 183 1.18242
18 48 1.13617
48 198 3.76084
163 439 2.06711
144 196 1.53251
160 105 1.28064
159 490 2.47366
124 2 1.33277
141 219 1.65981
170 362 3.54236
179 101 0.930683
70 173 1.04903
178 281 2.28393
153 207 1.00799
168 41 0.600058
31 41 1.02831
88 284 0.949437
61 220 1.62703
78 189 1.62703
71 48 1.13617
160 173 1.25534
48 475 1.62703
79 101 0.777724
82 185 1.44348
174 491 2.57435
1 356 0.703891
56 401 2.06711
159 97 1.76218
161 290 0.732544
53 356 0.777724
31 85 1.35962
52 290 0.762363
103 290 0.762363
209 309 1.11373
151 290 0.732544
223 356 0.588206
48 88 3.4038
175 459 0.825691
243 342 1.07016
82 201 1.87087
153 358 1.11373
243 321 1.02831
82 155 1.28064
21 459 0.554035
64 212 1.13617
42 309 1.09173
218 358 0.949437
141 416 0.988084
101 290 1.07016
27 174 0.637067
109 205 0.576587
148 212 1.15906
79 205 0.565199
150 160 1.65981
59 309 0.968568
122 162 0.637067
225 204 3.76084
148 290 1.02831
103 333 0.689988
225 61 3.99279
131 177 1.53251
222 205 0.777724
99 459 1.13617
76 309 1.15906
114 162 0.576587
225 70 4.15532
74 7 2.62622
88 333 0.732544
135 333 1.02831
181 163 1.00799
5 160 1.69326
229 492 1.04903
219 492 0.809382
180 162 0.762363
224 163 0.777724
178 290 1.04903
168 163 0.612149
165 188 1.56339
74 381 2.47366
5 406 1.69326
101 333 0.988084
11 39 1.69326
178 333 0.968568
39 162 0.637067
165 19 1.47257
127 286 1.72738
23 333 1.04903
127 39 1.62703
