1224
469 469 1.99996
37 400 2.25387
193 193 1.99996
112 103 2.25387
37 37 1.99996
165 165 1.99996
423 193 2.59112
400 262 1.96051
74 74 1.99996
210 210 1.99996
61 74 2.0402
400 400 1.99996
6 103 2.75069
337 37 2.86249
82 82 1.99996
226 226 1.99996
82 484 1.92184
400 37 1.77465
106 106 1.99996
328 315 1.81036
8 8 1.99996
341 341 1.99996
435 235 1.77465
312 328 1.81036
426 426 1.99996
103 112 1.77465
28 28 1.99996
112 112 1.99996
484 82 2.12312
337 190 2.54001
262 400 2.0402
229 405 2.08125
74 61 1.96051
199 199 1.99996
315 315 1.99996
328 328 1.99996
76 76 1.99996
404 404 1.99996
184 184 2.0402
232 232 1.99996
312 312 1.99996
198 28 1.88394
421 421 1.99996
262 229 1.81036
103 103 1.99996
306 306 1.99996
198 198 1.99996
229 229 1.99996
319 319 1.99996
215 199 1.92184
484 484 1.99996
369 328 2.64325
204 61 2.12312
138 138 1.99996
3 3 1.99996
262 262 1.99996
405 229 1.92184
53 210 2.16584
61 61 1.99996
315 328 2.20941
210 53 1.84678
330 330 1.99996
0 0 1.99996
252 341 2.44081
315 369 1.6717
435 435 1.99996
238 328 2.69643
28 291 1.81036
229 42 2.25387
366 404 2.12312
20 20 1.99996
61 204 1.88394
117 117 1.99996
224 224 1.99996
223 223 1.99996
235 435 2.25387
127 127 1.99996
404 366 1.88394
247 224 1.77465
482 315 2.59112
373 373 1.99996
391 391 2.0402
74 65 1.92184
328 369 1.51322
169 169 1.99996
59 59 1.99996
190 190 1.99996
426 350 1.99996
285 285 1.99996
299 299 1.99996
341 252 1.63873
323 323 1.99996
190 323 1.96051
404 57 1.81036
6 112 2.44081
398 373 2.59112
57 404 2.20941
193 423 1.54367
204 405 2.12312
366 366 1.99996
307 307 1.99996
204 204 1.99996
389 6 2.39267
210 185 0.832463
234 234 1.99996
451 426 2.16584
378 378 1.99996
252 312 2.59112
136 136 1.99996
192 192 1.99996
364 28 1.99996
158 158 1.99996
124 373 2.54001
478 478 1.99996
9 330 2.0402
209 209 1.99996
235 235 1.99996
405 204 1.88394
341 27 1.88394
65 74 2.08125
464 464 1.99996
90 369 1.99996
314 373 1.81036
366 57 1.92184
323 190 2.08125
90 90 1.99996
90 238 1.96051
312 314 1.92184
100 100 1.99996
57 366 2.08125
234 314 1.77465
42 229 1.77465
405 405 1.99996
282 282 1.99996
224 247 2.25387
337 337 1.99996
238 369 2.0402
364 198 2.16584
112 221 1.42544
77 299 1.99996
42 42 1.99996
6 6 1.99996
141 404 2.34547
369 238 1.96051
193 253 1.88394
373 314 2.25387
398 478 2.34547
389 389 1.99996
86 202 2.16584
420 420 1.99996
350 426 1.99996
482 482 1.99996
247 247 1.99996
274 222 2.08125
57 57 1.99996
238 238 1.99996
108 193 2.69643
330 9 1.96051
252 252 1.99996
378 58 1.57473
14 389 1.99996
369 369 1.99996
134 134 1.99996
14 14 1.99996
299 77 1.99996
13 13 1.99996
89 100 2.12312
186 186 1.99996
319 148 1.6717
28 364 2.0402
398 398 1.99996
240 240 1.99996
382 382 1.99996
100 89 1.88394
282 67 1.88394
86 86 1.99996
166 166 1.99996
131 127 2.20941
249 249 1.99996
137 137 1.99996
127 131 1.81036
322 30 3.56375
100 314 2.12312
147 239 2.54001
255 86 1.96051
478 398 1.70534
83 83 1.99996
53 53 1.99996
458 6 2.08125
107 360 1.99996
166 396 2.12312
478 373 2.16584
336 240 2.39267
451 350 2.16584
199 61 2.08125
253 193 2.12312
77 77 1.99996
396 166 1.88394
42 204 1.73965
148 319 2.39267
222 222 1.99996
423 423 1.99996
396 396 1.99996
381 381 1.99996
58 378 2.59112
396 458 1.77465
381 480 1.60641
9 9 1.99996
148 391 2.44081
88 198 2.29921
70 70 1.99996
310 103 2.86249
298 298 1.99996
216 216 1.99996
350 350 1.99996
202 202 1.99996
129 129 1.99996
221 112 2.80603
89 89 1.99996
182 182 1.99996
17 17 1.99996
458 396 2.25387
124 124 1.99996
217 217 1.99996
393 393 1.99996
202 86 1.84678
381 433 1.77465
458 458 1.99996
120 120 1.99996
316 316 1.99996
30 30 1.99996
107 107 1.99996
58 58 2.0402
349 349 1.99996
347 303 2.44081
52 52 1.99996
89 314 2.20941
347 375 1.96051
7 217 1.54367
198 364 1.88394
134 370 2.08125
141 141 1.99996
231 231 1.99996
46 46 1.99996
410 410 1.99996
391 428 1.88394
214 214 1.99996
16 202 2.54001
45 45 1.99996
245 245 1.99996
415 426 1.99996
222 21 1.77465
27 27 1.99996
332 136 1.88394
314 314 1.99996
428 378 2.39267
442 442 1.99996
432 479 3.03877
67 282 2.12312
255 255 1.99996
120 16 1.92184
463 360 2.08125
86 255 2.0402
451 451 1.99996
320 320 1.99996
10 10 1.99996
311 311 1.99996
303 303 1.99996
131 131 1.99996
52 434 1.81036
332 332 1.99996
345 345 1.99996
434 52 2.20941
370 134 1.92184
247 248 1.63873
70 201 1.19148
51 51 1.99996
391 367 1.92184
233 378 2.29921
320 67 2.54001
65 65 1.99996
303 490 1.99996
441 441 1.99996
378 367 1.70534
455 455 1.99996
350 451 1.84678
465 240 2.20941
322 322 1.99996
203 375 1.51322
336 336 1.99996
291 28 2.20941
134 201 1.77465
340 58 2.08125
248 247 2.44081
107 463 1.92184
434 434 1.99996
230 59 2.39267
449 449 1.99996
208 208 1.99996
119 119 1.99996
55 55 1.99996
148 148 1.99996
364 364 1.99996
303 203 2.12312
463 107 2.08125
135 135 1.99996
208 168 1.88394
213 213 1.99996
345 411 1.99996
367 378 2.34547
121 121 1.99996
496 496 1.99996
221 221 1.99996
426 415 1.99996
467 42 3.29081
96 176 2.48992
182 453 1.81036
53 67 1.36977
11 11 1.99996
233 124 1.92184
58 428 2.12312
68 383 1.96051
330 439 1.73965
27 203 2.0402
24 320 2.34547
467 28 2.80603
124 233 2.08125
138 487 1.70534
45 397 1.84678
417 417 1.99996
261 261 1.99996
24 243 2.25387
493 442 2.0402
142 142 1.99996
67 67 1.99996
73 291 2.25387
203 203 1.99996
122 122 1.99996
349 305 1.81036
59 259 1.29031
251 251 1.99996
139 283 1.88394
361 361 1.99996
360 360 1.99996
22 22 1.99996
225 36 1.77465
347 347 1.99996
411 411 1.99996
308 224 2.16584
225 225 1.99996
116 116 1.99996
255 120 1.92184
96 479 2.48992
340 340 1.99996
489 489 1.99996
93 353 1.81036
293 30 3.78322
31 31 1.99996
370 370 1.99996
52 305 1.6717
489 80 2.12312
455 75 1.96051
40 412 2.08125
236 228 2.12312
385 353 2.12312
305 52 2.39267
360 107 1.99996
9 439 1.77465
411 322 2.20941
453 182 2.20941
41 224 6.6084
215 215 1.99996
36 225 2.25387
310 221 1.77465
114 114 2.0402
36 36 1.99996
413 240 2.29921
375 375 1.99996
93 93 1.99996
92 225 2.54001
139 22 2.20941
167 167 1.99996
87 87 1.99996
221 310 2.25387
463 463 1.99996
27 56 2.12312
139 139 1.99996
474 474 1.99996
154 154 1.99996
92 36 2.20941
127 200 1.60641
386 386 1.99996
434 305 1.84678
125 239 2.59112
428 428 1.99996
313 216 2.20941
272 272 1.99996
338 340 2.0402
216 313 1.81036
168 208 2.12312
31 230 2.08125
21 222 2.25387
140 185 1.70534
108 108 1.99996
437 230 2.59112
168 168 1.99996
437 38 2.92008
291 291 1.99996
34 370 1.96051
73 73 1.99996
412 412 1.99996
298 259 1.23991
377 377 1.99996
217 7 2.59112
244 244 1.99996
340 338 1.96051
75 455 2.0402
167 54 1.96051
279 343 1.57473
32 480 1.81036
54 167 2.0402
423 485 1.36977
275 275 1.99996
59 64 1.99996
203 56 2.0402
274 274 1.99996
375 203 2.64325
98 98 1.99996
154 437 1.96051
449 131 1.96051
43 178 1.99996
317 411 2.16584
36 300 1.81036
253 108 1.51322
411 317 1.84678
320 24 1.73965
226 26 1.88394
200 449 2.25387
131 477 1.81036
327 239 1.92184
263 45 2.29921
240 110 1.70534
119 18 1.81036
177 61 4.26352
240 413 1.73965
455 143 2.08125
116 155 1.77465
233 233 1.99996
69 69 1.99996
114 56 2.86249
123 123 1.99996
38 261 2.0402
304 304 1.99996
310 310 1.99996
250 426 2.16584
222 274 1.92184
34 34 1.99996
7 7 1.99996
178 178 1.99996
431 383 1.92184
54 54 1.99996
197 197 1.99996
437 437 1.99996
338 338 1.99996
417 156 1.96051
32 217 1.81036
18 119 2.20941
92 92 1.99996
410 335 1.88394
353 178 2.0402
211 211 1.99996
466 42 4.52608
465 131 2.0402
88 88 1.99996
429 159 4.17943
259 59 3.09991
428 367 2.0402
429 47 3.85933
161 161 1.99996
448 36 2.12312
63 422 1.96051
104 104 1.99996
367 428 1.96051
343 343 1.99996
292 422 1.96051
236 236 1.99996
468 468 1.99996
343 108 1.88394
248 248 1.99996
377 131 2.0402
490 303 1.99996
209 41 0.768706
348 348 1.99996
114 187 2.0402
308 10 1.88394
322 293 1.84678
343 483 1.88394
230 38 2.20941
108 253 2.69643
265 265 1.99996
230 230 1.99996
166 99 1.57473
479 16 1.92184
64 59 1.99996
45 263 1.73965
432 432 1.99996
10 351 1.60641
444 346 2.12312
21 21 1.99996
465 465 1.99996
254 254 1.99996
397 45 2.16584
224 41 0.605264
71 337 2.25387
253 253 1.99996
490 490 1.99996
287 287 1.99996
430 430 1.99996
181 222 2.54001
24 24 1.99996
494 197 2.0402
317 317 1.99996
243 243 1.99996
479 479 1.99996
261 38 1.96051
293 322 2.16584
75 75 1.99996
209 365 1.05726
54 228 1.92184
422 422 1.99996
30 439 1.54367
485 98 2.0402
10 308 2.12312
491 330 2.39267
78 78 1.99996
97 103 4.097
291 73 1.77465
280 280 1.99996
87 228 1.84678
375 56 2.75069
279 279 1.99996
453 453 1.99996
370 324 1.73965
367 367 1.99996
327 327 1.99996
292 292 1.99996
118 386 2.16584
305 305 1.99996
63 292 1.99996
353 353 1.99996
360 146 1.88394
271 195 2.34547
68 68 1.99996
438 438 1.99996
292 63 1.99996
273 273 1.99996
115 115 1.99996
136 19 0.768706
331 331 1.99996
373 97 1.42544
63 63 1.99996
30 293 1.05726
141 408 1.70534
415 172 1.92184
130 438 2.0402
180 180 1.99996
16 16 1.99996
243 195 2.25387
87 110 1.84678
84 84 1.99996
448 448 1.99996
196 196 1.99996
16 479 2.08125
172 426 2.16584
40 40 1.99996
433 291 2.44081
454 454 1.99996
302 7 2.20941
80 80 1.99996
379 180 2.29921
438 130 1.96051
80 489 1.88394
195 243 1.77465
170 170 1.99996
422 292 2.0402
392 392 1.99996
422 63 2.0402
263 397 2.12312
130 130 1.99996
183 396 3.03877
490 203 2.12312
408 141 2.34547
187 114 1.99996
461 414 1.92184
98 485 1.96051
483 483 1.99996
442 493 1.96051
228 228 1.99996
415 415 1.99996
497 497 1.99996
50 50 1.99996
137 295 1.48338
21 181 1.84678
18 18 1.99996
102 102 1.99996
395 78 2.25387
130 149 1.96051
331 281 2.08125
120 26 1.77465
145 214 4.71004
146 360 2.12312
397 397 1.99996
78 395 1.77465
300 36 2.20941
73 313 1.99996
383 383 1.99996
412 40 2.08125
461 461 1.99996
195 195 1.99996
431 431 1.99996
181 21 2.16584
149 130 2.0402
387 367 2.08125
201 201 1.99996
101 386 3.09991
38 38 1.99996
412 66 2.59112
15 26 2.08125
38 230 1.81036
475 475 1.99996
41 248 6.22505
245 19 0.753544
313 313 1.99996
146 107 2.12312
43 43 1.99996
283 21 2.20941
118 118 1.99996
355 38 2.92008
96 96 1.99996
178 43 1.99996
150 150 1.99996
187 56 2.80603
47 36 2.25387
300 300 1.99996
446 446 1.99996
47 167 2.25387
239 239 1.99996
433 265 2.16584
237 31 3.7086
433 433 1.99996
395 395 1.99996
151 151 1.99996
362 362 1.99996
493 493 1.99996
361 47 1.73965
109 31 2.25387
181 181 1.99996
485 485 1.99996
394 394 1.99996
384 384 1.99996
149 149 1.99996
138 256 1.42544
407 407 1.99996
494 415 2.08125
477 195 1.99996
444 444 1.99996
248 41 0.642538
153 153 1.99996
56 375 1.48338
282 329 1.23991
387 387 1.99996
187 187 1.99996
157 157 1.99996
116 41 1.42544
318 305 1.99996
413 413 1.99996
409 409 1.99996
314 97 1.26486
197 494 1.96051
443 443 1.99996
283 283 1.99996
250 250 1.99996
115 365 0.753544
23 23 1.99996
280 485 1.96051
71 71 1.99996
414 414 1.99996
145 386 4.52608
271 271 1.99996
4 4 1.99996
321 190 4.097
438 297 1.84678
265 266 1.92184
471 378 2.97883
449 200 1.77465
335 403 1.73965
355 150 2.08125
110 240 2.34547
263 263 1.99996
466 73 3.09991
228 477 1.88394
491 491 1.99996
392 477 1.88394
346 346 1.99996
283 139 2.12312
189 431 2.20941
56 203 1.96051
66 66 1.99996
293 293 1.99996
88 401 2.20941
32 32 1.99996
297 438 2.16584
15 15 1.99996
414 461 2.08125
477 228 2.12312
227 367 2.16584
295 137 2.69643
279 41 0.516101
485 200 1.96051
140 140 1.99996
280 200 1.99996
308 308 1.99996
97 314 3.16228
111 24 1.81036
281 331 1.92184
383 431 2.08125
200 485 2.0402
250 172 2.0402
201 266 2.86249
494 494 1.99996
156 417 2.0402
140 177 1.99996
149 297 1.92184
177 140 1.99996
325 325 1.99996
288 288 1.99996
479 96 1.60641
295 458 4.43681
99 110 1.92184
146 146 1.99996
397 263 1.88394
228 380 1.84678
385 385 1.99996
399 399 1.99996
18 357 1.84678
257 266 2.20941
376 376 1.99996
297 149 2.08125
387 227 1.92184
177 177 1.99996
377 72 1.6717
180 379 1.77465
335 335 1.99996
227 387 2.08125
388 1 1.96051
318 318 1.99996
157 41 0.629865
259 259 1.99996
324 370 2.29921
281 281 1.99996
56 56 1.99996
471 221 2.86249
64 259 1.29031
296 296 1.99996
171 171 1.99996
110 87 2.16584
200 200 1.99996
239 80 2.69643
379 379 1.99996
176 176 1.99996
491 439 2.08125
418 418 1.99996
348 15 1.77465
425 458 3.29081
380 228 2.16584
144 144 1.99996
403 403 1.99996
392 72 1.70534
172 172 1.99996
256 138 2.80603
179 36 3.03877
202 476 1.36977
357 18 2.16584
41 41 1.99996
67 329 1.23991
480 480 1.99996
379 447 1.92184
477 477 1.99996
324 201 1.96051
47 47 1.99996
50 374 1.88394
1 1 1.99996
64 64 1.99996
25 25 1.99996
385 15 1.92184
156 156 1.99996
271 26 2.34547
60 411 2.54001
488 344 2.16584
388 388 1.99996
259 64 3.16228
227 227 1.99996
99 99 1.99996
424 424 1.99996
269 269 1.99996
111 111 1.99996
172 415 2.12312
480 381 2.48992
297 297 1.99996
346 444 1.84678
467 467 1.99996
301 301 1.99996
49 49 1.99996
151 91 1.84678
84 450 2.69643
408 408 1.99996
12 392 2.20941
470 470 1.99996
403 335 2.29921
110 110 1.99996
91 151 2.16584
334 445 1.92184
111 72 1.81036
353 385 1.88394
483 19 0.738682
374 50 2.12312
237 237 1.99996
244 173 1.81036
2 318 2.12312
324 324 1.99996
176 351 1.99996
265 257 1.73965
1 388 2.0402
150 355 1.88394
488 257 1.92184
147 147 1.99996
362 334 1.81036
418 12 1.92184
431 189 1.81036
473 473 1.99996
374 110 1.99996
143 455 1.96051
126 126 1.99996
236 194 1.81036
85 85 1.99996
362 41 0.724113
43 15 1.77465
452 452 1.99996
466 466 1.99996
489 132 1.57473
183 183 1.99996
335 219 1.99996
178 15 1.77465
305 402 1.42544
355 355 1.99996
194 236 2.16584
384 334 2.08125
7 302 1.81036
443 276 1.81036
460 348 2.39267
75 365 0.901509
380 380 1.99996
480 433 2.16584
326 326 1.99996
352 352 1.99996
436 436 1.99996
318 2 1.88394
401 401 1.99996
357 357 1.99996
147 125 1.99996
29 144 1.73965
257 257 1.99996
359 359 1.99996
331 486 1.26486
365 143 4.52608
323 35 1.99996
336 145 0.957027
109 109 1.99996
205 389 3.35702
12 418 2.08125
456 401 2.44081
205 14 3.2259
436 62 1.6717
288 419 1.84678
321 266 3.7086
214 145 0.849213
189 189 1.99996
334 334 1.99996
401 467 1.48338
302 302 1.99996
258 258 1.99996
441 173 1.36977
276 443 2.20941
176 96 1.60641
447 379 2.08125
159 308 2.59112
173 15 2.44081
194 380 2.16584
342 37 4.0162
2 2 1.99996
62 436 2.39267
425 425 1.99996
143 143 1.99996
144 29 2.29921
91 91 1.99996
384 219 1.84678
386 145 0.901509
365 364 5.41482
278 138 2.75069
12 12 1.99996
97 97 1.99996
403 219 2.20941
419 288 2.16584
447 447 1.99996
486 167 2.86249
339 339 1.99996
295 295 1.99996
439 330 2.34547
159 41 0.753544
401 456 1.63873
185 185 1.99996
48 67 2.44081
374 374 1.99996
179 179 1.99996
225 207 0.995925
413 194 1.73965
26 26 1.99996
167 207 0.976282
62 62 1.99996
471 471 1.99996
207 167 4.097
163 10 6.22505
125 147 2.0402
207 225 4.0162
163 389 3.7086
125 125 1.99996
118 145 0.883729
486 331 3.16228
266 266 1.99996
175 175 1.99996
383 481 2.48992
190 321 0.976282
354 234 4.43681
37 342 0.995925
456 456 1.99996
329 282 3.2259
264 264 1.99996
439 9 2.29921
358 36 3.42456
26 15 1.92184
70 321 0.938151
173 173 1.99996
281 481 1.88394
440 440 1.99996
105 105 1.99996
361 207 0.883729
175 351 2.16584
462 243 1.99996
460 15 2.20941
4 81 1.77465
99 145 1.10023
358 300 2.92008
175 95 2.12312
145 145 1.99996
185 155 1.81036
256 344 2.12312
194 194 1.99996
105 385 2.39267
29 29 1.99996
329 67 3.2259
386 101 1.29031
217 321 1.23991
309 334 5.6349
276 276 1.99996
60 60 1.99996
133 133 1.99996
365 365 1.99996
264 152 1.92184
159 159 1.99996
185 140 2.34547
439 439 1.99996
419 419 1.99996
188 188 1.99996
115 321 0.883729
349 356 1.01596
406 406 1.99996
35 323 1.99996
48 72 1.84678
241 65 4.90148
136 290 0.901509
327 284 1.36977
80 284 0.976282
256 256 1.99996
354 491 4.26352
143 365 0.901509
266 257 1.81036
101 101 1.99996
488 488 1.99996
427 427 1.99996
289 451 2.12312
476 202 2.92008
459 216 4.71004
180 284 0.79995
155 224 4.71004
35 405 2.64325
289 250 2.16584
19 483 5.41482
402 305 2.80603
462 380 2.34547
19 80 5.41482
144 79 1.88394
214 212 0.938151
201 321 1.57473
296 321 0.938151
103 459 0.768706
486 486 1.99996
351 176 1.99996
257 342 1.31627
476 10 2.92008
459 313 4.34931
29 79 1.63873
309 309 1.99996
268 268 1.99996
243 462 1.99996
309 125 3.16228
351 351 1.99996
195 462 1.81036
300 290 1.23991
155 155 1.99996
329 329 1.99996
487 487 1.99996
483 290 0.849213
298 459 0.682107
226 460 1.60641
155 247 5.1007
448 358 1.26486
342 257 3.03877
356 411 3.03877
101 212 1.54367
216 459 0.866299
351 44 2.12312
48 48 1.99996
363 324 2.08125
95 368 1.99996
380 462 1.70534
456 356 0.709831
19 19 1.99996
207 207 1.99996
372 372 1.99996
321 321 1.99996
402 402 1.99996
356 293 3.16228
95 94 2.12312
390 195 2.59112
199 459 0.784172
445 334 2.08125
495 344 2.08125
162 261 5.30802
15 460 1.81036
39 372 1.99996
215 459 0.753544
445 445 1.99996
266 321 1.07853
65 459 0.753544
150 416 1.14495
246 450 2.16584
389 205 1.19148
445 219 1.88394
313 459 0.938151
14 205 1.21546
95 95 1.99996
436 113 1.60641
94 95 1.88394
487 344 1.84678
72 392 2.29921
128 128 1.99996
334 290 0.883729
72 477 2.44081
441 460 1.54367
284 80 4.097
487 256 1.70534
372 39 1.99996
268 220 1.92184
348 460 1.6717
39 39 1.99996
267 41 0.784172
495 256 1.99996
162 142 3.85933
44 351 1.92184
246 495 1.92184
476 476 1.99996
44 445 2.0402
472 144 2.25387
132 80 2.64325
152 152 1.99996
113 436 2.48992
132 489 2.54001
152 264 2.0402
390 72 2.20941
179 358 1.81036
44 44 1.99996
72 72 1.99996
94 94 1.99996
33 33 1.99996
294 294 1.99996
35 35 1.99996
191 191 1.99996
173 460 2.20941
212 284 2.0402
164 164 1.99996
113 62 2.16584
212 101 2.59112
495 495 1.99996
344 487 2.16584
371 371 1.99996
94 44 1.96051
160 327 4.0162
457 457 1.99996
371 241 1.42544
234 354 0.919648
241 241 1.99996
368 94 2.08125
388 205 1.0364
206 206 1.99996
220 220 1.99996
472 472 1.99996
342 342 1.99996
220 268 2.12312
344 344 1.99996
416 221 3.09991
368 95 1.99996
79 144 2.12312
457 450 1.96051
219 219 1.99996
462 462 1.99996
289 289 1.99996
460 460 1.99996
429 429 1.99996
26 460 1.77465
416 150 3.49346
492 429 2.08125
492 492 1.99996
406 242 1.92184
447 460 1.45412
188 174 1.81036
22 354 0.866299
126 278 2.39267
105 460 2.08125
368 368 1.99996
79 29 2.44081
212 212 1.99996
450 450 1.99996
492 24 3.2259
358 358 1.99996
410 416 1.16798
294 289 1.77465
132 132 1.99996
274 162 0.849213
31 162 0.816045
290 300 3.2259
22 162 0.866299
356 356 1.99996
450 457 2.0402
219 445 2.16584
205 205 1.99996
278 270 1.92184
142 459 1.0364
284 284 1.99996
481 281 2.12312
344 256 1.88394
333 239 3.63545
277 256 1.92184
219 384 2.16584
242 160 2.16584
261 162 0.753544
142 162 1.0364
79 79 1.99996
278 278 1.99996
267 207 0.883729
241 459 1.81036
270 277 1.99996
267 267 1.99996
109 162 0.866299
290 334 4.52608
457 342 1.12236
113 113 1.99996
163 163 1.99996
325 162 1.23991
390 390 1.99996
286 286 1.99996
459 459 1.99996
242 242 1.99996
239 333 1.10023
81 81 1.99996
270 270 1.99996
481 481 1.99996
237 162 1.45412
277 277 1.99996
284 212 1.96051
81 4 2.25387
481 290 0.938151
246 246 1.99996
188 333 2.08125
270 278 2.08125
363 363 1.99996
160 160 1.99996
277 270 1.99996
354 354 1.99996
174 309 1.84678
333 290 2.12312
450 246 1.84678
416 416 1.99996
242 406 2.12312
162 162 1.99996
5 5 1.99996
333 333 1.99996
218 218 1.99996
290 290 1.99996
160 242 1.84678
174 174 1.99996
260 260 1.99996
260 371 2.12312
174 147 2.80603
371 260 1.88394