921
135 1119 0.687685
75 1119 0.729949
951 1386 4.11596
136 1119 0.759558
59 1119 0.729949
950 1386 4.11596
610 1119 0.674149
481 29 0.729949
718 1341 0.378759
600 1261 2.93555
490 1413 5.22494
952 1376 3.37387
250 334 1.55379
328 695 0.185153
775 1372 5.22494
597 29 0.729949
613 1249 4.54613
945 1119 0.531061
824 27 1.24858
536 1318 3.11596
779 408 5.22494
607 1378 5.22494
577 29 0.71558
440 310 0.363994
939 29 0.701494
594 29 0.701494
25 1114 0.181508
550 1290 2.87776
58 1078 0.806239
774 1172 0.500313
477 1350 5.32986
493 468 5.12209
953 1078 0.51036
548 1290 2.99449
601 1280 5.43688
771 1078 0.586565
546 1290 2.82111
591 1172 0.71558
949 408 5.22494
544 1306 4.82553
535 1318 2.82111
880 498 4.73054
549 1281 4.63742
586 1225 5.32986
946 383 4.45664
822 408 3.80131
537 1304 5.54606
899 125 2.71114
510 591 5.77102
369 603 0.181508
439 1114 0.181508
545 79 1.75065
532 1158 5.65742
866 1374 3.65313
475 1164 1.55379
385 603 0.181508
184 1114 0.181508
391 695 0.239759
618 1078 0.77481
772 409 0.926624
478 1452 5.77102
351 695 0.181508
867 591 4.73054
476 1321 4.63742
823 1397 3.05462
869 1160 5.65742
700 1348 5.43688
843 16 1.29923
770 253 5.22494
474 1164 1.37908
392 695 0.254494
769 1172 0.371303
373 695 0.20861
359 254 0.230413
617 1172 0.701494
463 1164 1.55379
924 446 0.598343
450 444 0.275559
491 1281 2.76558
388 695 0.264817
748 393 0.471346
821 1291 1.43502
480 1228 1.85824
347 1382 1.224
379 338 0.378759
306 695 0.185153
534 620 5.22494
410 338 0.426745
461 1164 1.15313
187 1289 1.06498
262 603 0.185153
714 695 0.244574
503 1282 3.17853
926 1348 5.32986
479 1422 5.77102
188 1270 0.635116
916 1164 1.15313
947 1279 3.44162
24 328 1.29923
404 697 0.181508
304 695 0.181508
773 15 1.32532
940 40 0.96421
339 928 0.181508
778 288 1.13044
918 1281 2.50389
362 338 0.402037
885 36 1.19991
919 1319 1.89555
533 620 5.54606
960 974 1.06498
390 1122 0.181508
61 254 0.192663
21 591 5.77102
411 1122 0.196532
583 1227 1.35193
183 841 0.304359
627 1122 0.217072
418 256 0.426745
437 407 1.19991
366 167 0.563699
453 1038 2.87776
441 1280 0.96421
816 1290 1.93361
699 1370 4.73054
776 409 0.729949
930 1164 1.02347
66 1290 1.6824
961 102 1.49322
790 513 0.196532
915 1164 1.06498
16 159 1.93361
416 1171 0.254494
611 1193 3.72649
181 235 1.17629
338 660 0.239759
346 433 0.192663
908 39 0.890502
291 433 0.185153
60 254 0.204504
923 3 0.96421
917 1164 0.96421
117 716 0.292495
270 387 0.790368
819 899 1.58499
502 1319 3.95551
438 1280 0.983572
462 112 0.872973
501 29 0.790368
176 232 1.15313
420 1171 0.281093
367 1122 0.212799
15 159 1.93361
784 513 0.200478
451 1122 0.188871
18 1172 0.552603
337 167 0.188871
623 79 0.575018
541 81 1.224
26 62 0.181508
460 1080 2.05245
868 17 0.908383
1000 1164 0.983572
329 167 0.181508
907 1228 1.10818
629 1122 0.212799
728 513 0.196532
98 133 4.54613
934 1164 0.983572
543 1193 3.05462
955 1069 1.00332
810 762 0.181508
100 1175 0.435314
720 1271 0.239759
39 716 0.316705
50 716 0.298368
909 1222 4.03494
985 1385 2.99449
616 1307 1.6824
353 1386 0.687685
920 29 0.687685
732 513 0.185153
4 253 1.43502
817 1059 2.01205
489 232 5.77102
959 231 0.410109
383 1120 0.192663
833 1412 5.02126
430 769 1.19991
323 1290 0.378759
614 1292 1.49322
715 132 0.249485
321 1290 0.349805
33 716 0.181508
979 1404 5.65742
32 62 0.196532
315 1146 0.230413
910 18 0.855788
982 1441 4.28291
639 1307 1.27365
144 1139 0.647869
485 1175 0.462067
81 1292 1.35193
874 121 1.82166
928 1453 5.77102
27 860 0.185153
921 1381 3.72649
343 1024 0.196532
820 1059 1.82166
802 596 0.402037
965 516 0.181508
325 928 0.181508
330 941 0.230413
826 1144 0.336169
124 254 0.192663
78 1225 0.908383
983 1471 5.12209
648 565 0.598343
565 1395 0.759558
376 1120 0.20861
389 1120 0.212799
242 1280 1.00332
904 1146 0.292495
596 1122 0.531061
179 496 0.20861
234 716 0.254494
925 227 5.77102
199 1289 1.13044
232 716 0.217072
93 860 0.196532
913 249 5.43688
943 575 0.200478
7 660 0.402037
312 94 0.838942
551 13 1.49322
56 254 0.188871
906 305 5.32986
754 1069 0.729949
967 551 0.188871
5 93 0.356829
547 235 4.28291
65 1331 1.6824
872 312 5.77102
322 660 0.281093
585 79 0.96421
519 211 5.32986
287 1024 0.221431
63 660 0.342919
780 18 0.806239
787 605 0.181508
447 1038 1.52321
3 93 0.363994
350 463 0.200478
449 79 0.647869
750 159 1.13044
783 1024 0.586565
42 565 0.444055
313 1153 0.196532
630 1261 1.17629
372 1282 1.32532
178 1337 0.855788
644 617 0.181508
603 968 1.04402
889 86 1.27365
407 142 0.349805
22 1268 4.54613
795 132 0.225877
400 314 0.304359
387 660 0.270135
174 101 1.02347
837 791 0.181508
118 1024 0.310471
49 1172 0.444055
839 1466 5.77102
260 234 0.249485
890 86 1.46383
678 391 0.729949
825 1265 3.05462
689 1396 0.598343
719 617 0.185153
879 213 0.520608
46 1191 5.77102
370 630 0.20861
43 591 2.17859
744 1223 2.87776
722 617 0.181508
23 305 5.77102
914 1228 1.13044
841 473 5.77102
622 650 1.71619
180 9 0.674149
838 531 5.77102
789 575 0.181508
224 93 0.363994
427 1282 1.52321
511 1141 1.49322
812 1069 1.02347
927 1334 1.71619
272 25 0.452972
356 554 0.435314
518 134 4.73054
962 62 0.181508
860 1101 1.32532
448 1193 1.85824
562 968 1.04402
814 1087 0.701494
875 565 0.51036
497 1078 0.452972
429 235 1.35193
398 314 0.292495
457 253 5.77102
871 1122 0.336169
401 314 0.304359
571 919 0.983572
905 1204 1.15313
314 1161 1.00332
127 630 0.20861
777 248 0.635116
459 1193 2.05245
500 320 0.323064
492 1467 5.65742
935 1149 1.29923
40 971 0.701494
799 916 0.51036
996 620 2.05245
650 1281 2.60545
92 93 0.356829
436 159 5.65742
11 391 0.77481
711 994 1.37908
507 919 1.29923
327 945 0.239759
255 554 0.394123
375 1124 0.192663
128 630 0.181508
97 227 5.77102
602 919 1.19991
657 1317 3.51073
483 347 0.687685
986 1247 5.32986
662 1292 1.52321
31 159 1.64929
531 919 1.10818
458 319 5.54606
747 231 0.435314
893 620 2.55417
753 574 0.304359
166 931 0.563699
446 74 0.520608
409 167 0.402037
79 1289 1.04402
621 1228 1.15313
374 1124 0.23504
150 1304 1.24858
993 590 1.93361
563 371 0.838942
801 575 0.230413
994 1282 1.7858
765 1025 2.17859
91 161 0.410109
572 919 1.06498
836 1122 0.281093
44 1282 0.94523
526 919 1.17629
368 1193 1.43502
760 879 1.35193
423 150 4.63742
326 181 0.647869
589 1247 4.73054
553 231 0.500313
751 605 0.20861
574 380 0.822428
384 417 0.418344
806 1171 0.230413
36 275 0.598343
371 630 0.188871
608 919 1.24858
257 18 0.790368
357 1236 0.217072
283 25 0.48081
863 248 0.575018
308 699 0.323064
620 328 5.22494
29 800 1.10818
762 1153 0.520608
86 1171 0.244574
205 31 0.249485
954 167 0.394123
604 1120 0.435314
710 207 1.17629
624 23 0.520608
382 990 1.15313
352 1316 1.04402
345 174 3.05462
894 945 0.610358
505 1195 5.12209
182 1306 1.32532
137 1282 1.89555
743 14 0.926624
682 391 0.790368
87 1171 0.244574
258 967 1.06498
981 1316 4.11596
520 154 5.77102
884 102 1.43502
264 630 0.181508
302 465 0.181508
282 248 0.647869
415 1029 0.806239
454 572 5.77102
64 159 0.94523
554 990 1.08637
782 993 0.674149
204 38 0.444055
496 1132 1.10818
734 1069 0.500313
709 207 1.13044
414 69 0.575018
509 1141 1.52321
725 1271 0.244574
681 699 0.323064
628 23 0.647869
707 783 0.983572
406 68 0.729949
143 1171 0.23504
310 902 0.217072
508 1080 1.71619
853 1188 0.96421
564 303 1.19991
105 371 0.77481
138 1171 0.217072
175 103 0.926624
767 154 4.1986
484 1288 5.77102
115 93 0.349805
434 520 0.185153
73 1171 0.239759
235 1153 0.192663
248 391 0.635116
111 1171 0.23504
171 638 0.51036
788 1188 0.96421
558 1110 3.58122
220 31 0.259605
763 997 0.598343
210 660 0.239759
99 1172 0.371303
230 1068 0.94523
912 590 1.85824
90 161 0.410109
395 1236 0.192663
422 391 0.586565
140 1221 5.77102
399 1236 0.181508
781 1188 1.00332
619 101 3.05462
52 1087 0.552603
652 206 5.77102
712 922 1.32532
984 1397 2.71114
413 68 0.759558
28 31 0.622614
51 1087 0.490465
82 993 0.254494
256 207 3.30746
378 1236 0.204504
695 1141 1.19991
320 94 0.806239
261 1069 0.790368
386 1193 0.687685
876 1347 5.54606
231 1069 0.838942
277 1171 0.204504
870 1371 5.65742
456 253 5.02126
284 135 0.275559
903 121 1.49322
317 371 0.622614
408 1233 0.410109
704 36 0.462067
978 13 1.43502
861 1179 1.64929
862 1188 0.575018
735 1124 0.188871
103 966 0.520608
201 91 2.71114
576 231 0.51036
80 756 5.77102
807 1436 4.82553
494 1086 0.890502
656 1381 3.44162
30 48 0.531061
859 1101 1.29923
421 12 0.96421
155 664 3.72649
922 1080 1.49322
426 1038 1.7858
177 248 0.531061
938 1435 5.54606
515 1116 1.13044
736 371 0.635116
396 995 0.77481
8 1080 0.610358
206 122 0.926624
116 990 0.531061
987 1302 1.97244
468 188 0.275559
997 783 4.54613
968 936 0.435314
88 7 0.48081
445 1193 1.71619
53 109 0.872973
798 1067 1.32532
41 1087 0.552603
130 685 5.77102
846 1422 4.36891
365 415 0.610358
844 769 2.60545
141 569 5.65742
891 540 4.54613
134 1300 4.28291
161 58 0.426745
288 990 0.520608
815 250 5.77102
159 58 0.418344
237 966 0.660878
249 231 0.304359
169 638 0.51036
761 945 0.552603
83 144 3.95551
540 1280 3.37387
957 198 3.87765
651 206 5.12209
96 1223 1.93361
972 36 1.27365
764 1025 1.89555
573 303 1.08637
412 132 0.471346
280 7 0.806239
669 994 1.49322
615 33 0.926624
156 92 0.356829
668 535 1.224
139 990 0.563699
658 253 2.50389
157 659 5.77102
956 159 3.87765
109 1300 5.02126
319 70 0.239759
977 317 5.02126
850 1042 0.674149
38 1223 2.31248
852 1025 1.6824
278 449 4.82553
213 31 0.249485
229 371 0.575018
854 1025 1.32532
37 13 1.10818
341 855 0.444055
203 1029 1.19991
752 783 4.54613
95 448 0.418344
54 767 0.94523
355 967 1.04402
598 919 1.40677
273 93 0.378759
865 473 5.77102
455 919 1.40677
394 371 0.647869
713 769 0.563699
265 855 0.552603
14 1080 0.647869
281 1070 1.52321
125 775 0.586565
991 1222 5.77102
110 688 5.77102
114 1193 0.838942
855 250 5.77102
149 1172 0.402037
72 92 0.342919
858 1038 1.58499
207 800 0.462067
69 48 0.471346
279 1349 1.71619
215 800 0.471346
299 1068 0.418344
973 176 1.89555
160 58 0.418344
495 1029 1.27365
76 1193 0.822428
170 83 1.00332
10 448 0.48081
126 775 0.563699
158 51 0.622614
749 567 0.674149
900 1252 2.40628
48 1172 0.329551
431 1193 1.58499
17 923 0.452972
202 110 2.17859
679 968 0.806239
506 1191 3.30746
6 215 0.872973
251 231 0.363994
581 1191 3.80131
737 371 0.660878
675 1086 0.531061
89 145 2.60545
219 94 0.806239
425 1193 1.93361
971 1157 2.09366
588 1043 1.10818
948 779 4.54613
74 1037 5.02126
758 977 0.674149
209 751 0.94523
849 373 0.500313
530 1038 1.37908
684 968 0.855788
0 968 0.394123
587 149 2.99449
970 1054 1.00332
316 1316 1.93361
163 83 1.02347
226 855 0.744606
247 800 0.452972
113 938 5.43688
197 208 0.687685
2 419 0.292495
263 110 1.49322
208 248 0.77481
67 1172 0.435314
332 58 0.418344
289 1192 0.822428
444 1109 0.96421
335 70 0.230413
85 1034 0.316705
55 990 0.410109
216 902 0.196532
941 159 3.58122
937 1222 4.1986
132 1160 1.46383
674 990 0.660878
992 473 3.95551
196 1160 1.29923
683 67 1.37908
745 1189 2.50389
595 1043 1.08637
845 317 5.77102
303 664 2.76558
840 149 1.7858
1 964 0.452972
223 902 0.188871
592 125 3.87765
929 1038 1.32532
324 964 0.394123
768 207 1.10818
433 371 0.660878
851 32 0.855788
469 36 0.462067
969 865 1.10818
677 1054 0.926624
731 1029 0.855788
236 371 0.500313
241 1110 1.6824
167 83 0.926624
377 758 5.77102
331 1193 0.872973
834 1191 2.26696
228 371 0.531061
104 625 0.541725
632 3 1.19991
340 164 0.20861
217 902 0.181508
593 125 3.11596
107 990 0.426745
68 664 2.55417
214 178 0.744606
77 855 0.490465
9 181 1.19991
238 149 1.61682
1001 1162 1.13044
857 1025 1.46383
606 176 1.82166
443 1109 1.02347
292 321 0.586565
311 902 0.181508
267 964 0.541725
221 902 0.181508
142 125 2.93555
266 775 0.531061
274 390 2.65777
654 1172 0.310471
686 178 1.71619
740 130 4.1986
482 715 0.838942
498 1172 0.402037
999 1038 1.46383
108 1263 0.196532
452 1193 1.35193
298 371 0.386364
794 132 0.230413
832 15 1.55379
706 902 0.249485
13 159 1.71619
403 775 0.855788
34 274 0.94523
218 178 0.729949
975 1029 0.983572
584 147 5.22494
687 1205 0.855788
696 990 0.759558
856 1025 1.24858
631 994 1.58499
702 902 0.264817
803 112 0.541725
122 783 3.58122
892 11 1.19991
12 1080 0.687685
168 131 0.563699
405 964 0.520608
295 945 0.418344
240 147 2.1357
685 775 0.838942
808 5 0.926624
721 902 0.292495
995 133 4.03494
112 972 0.729949
724 1341 0.378759
309 785 0.394123
990 681 1.35193
742 1192 0.96421
244 785 0.402037
626 149 4.36891
504 1221 5.54606
35 51 1.37908
84 37 0.71558
162 103 1.24858
293 1190 0.701494
305 1193 0.744606
164 83 1.00332
300 995 0.490465
756 1025 1.97244
555 83 1.97244
864 1247 4.54613
268 785 0.394123
805 787 3.72649
259 785 0.386364
131 125 3.05462
333 131 0.575018
633 472 0.926624
739 1025 2.55417
599 967 1.224
296 1159 0.647869
958 994 4.63742
472 737 0.926624
269 775 0.701494
354 943 1.15313
173 91 1.13044
831 205 2.01205
882 1394 2.09366
133 1289 1.15313
514 73 2.93555
901 1172 0.244574
470 1110 0.462067
637 409 0.983572
513 103 3.30746
729 110 1.52321
94 37 0.647869
442 110 2.35891
716 7 0.181508
988 1275 5.22494
883 996 2.93555
688 248 0.323064
989 48 0.838942
847 176 2.50389
121 1222 2.50389
464 36 1.61682
290 205 0.94523
239 101 1.52321
998 14 0.908383
432 110 1.6824
605 133 1.85824
848 110 3.17853
672 221 1.58499
730 1025 1.15313
974 94 1.89555
936 122 3.11596
487 1223 0.729949
466 1222 3.87765
612 176 1.6824
172 67 0.94523
898 188 0.598343
881 1044 2.31248
671 901 0.94523
800 1341 0.371303
120 1222 2.55417
842 125 2.40628
271 1070 1.71619
276 275 0.462067
723 31 0.270135
887 1070 1.75065
275 20 0.490465
246 101 0.838942
539 1070 1.89555
590 125 2.55417
348 83 1.35193
829 133 2.93555
153 68 0.378759
673 967 0.855788
933 783 5.77102
556 125 2.55417
195 83 1.17629
818 979 0.402037
902 882 0.674149
557 83 1.82166
465 91 2.71114
888 1070 1.61682
198 67 0.838942
165 978 0.426745
211 131 0.51036
286 737 2.60545
634 387 0.838942
301 91 0.983572
189 83 1.13044
877 978 0.531061
245 131 0.51036
285 253 1.08637
694 1189 0.563699
185 978 0.452972
297 159 1.37908
243 1025 0.575018
254 182 0.660878
523 147 1.71619
225 31 0.204504
911 168 1.02347
467 112 0.181508
212 1025 0.563699
552 103 1.61682
349 479 2.93555
146 155 0.541725
222 148 0.635116
522 110 1.37908
194 183 0.674149
830 159 2.50389
488 1110 0.471346
701 205 0.701494
529 103 1.55379
191 779 2.4546
145 1025 0.598343
148 87 0.520608
294 94 0.838942
640 569 5.02126
524 103 1.61682
334 35 0.541725
931 110 2.22234
561 1110 0.51036
336 65 0.908383
636 146 1.64929
966 159 2.17859
486 737 0.94523
512 103 1.55379
525 103 1.27365
190 103 0.983572
886 758 5.77102
147 58 0.371303
568 110 1.08637
980 779 5.77102
192 86 0.759558
471 1222 0.790368
693 58 0.435314
560 67 1.04402
186 73 0.674149
152 86 0.701494
200 104 0.598343
527 110 1.224
151 86 0.674149
154 104 0.563699
521 110 1.35193
692 51 0.674149
932 134 1.71619
473 159 0.983572
878 102 1.00332
559 83 1.19991
708 535 1.17629
193 103 1.13044
318 67 0.729949
579 692 0.806239
641 83 1.08637
538 110 1.37908
897 297 1.224
698 102 0.806239
499 110 1.40677
659 390 1.10818
697 103 0.908383
896 110 1.6824
578 416 0.96421
690 67 0.908383
635 110 1.46383
664 535 1.19991
655 207 1.55379
895 110 1.61682
705 110 0.790368
567 110 1.04402
691 110 1.46383
717 416 0.806239
528 110 1.29923
638 110 1.17629
661 479 1.13044
642 110 1.04402
643 159 0.983572
703 133 0.926624
653 110 1.08637
665 110 0.96421
663 207 1.06498
666 110 0.890502
667 159 0.822428
566 420 0.838942
646 159 0.926624
647 159 0.926624
580 372 0.790368
