2418
135 135 0.969123
690 690 1.11414
202 573 0.988622
34 400 0.969123
412 190 1.07062
646 573 0.969123
34 3 0.950009
90 126 1.00851
202 29 0.988622
792 374 1.0495
126 126 1.00851
542 29 1.00851
579 647 1.00851
90 90 1.00851
646 646 1.0288
622 161 1.09216
126 90 1.0288
646 326 1.07062
374 374 0.969123
313 313 1.09216
201 925 0.969123
839 839 0.988622
313 720 1.0288
201 201 0.969123
509 509 1.09216
678 577 1.09216
326 646 1.0495
998 509 1.07062
637 555 1.0288
326 573 0.988622
779 374 1.07062
396 396 1.00851
201 202 1.00851
40 791 1.0495
246 246 1.0288
326 326 1.09216
179 179 0.988622
464 464 0.988622
158 158 1.0495
596 596 1.00851
827 827 0.969123
43 43 0.988622
921 161 1.0495
465 465 1.13655
270 270 1.07062
915 915 1.00851
565 565 1.09216
935 935 0.969123
738 738 1.00851
811 811 1.00851
464 201 1.0288
987 987 1.0495
396 811 1.09216
29 573 0.969123
766 985 0.950009
678 735 1.00851
542 573 1.00851
647 647 1.0288
255 161 1.07062
188 270 1.07062
40 647 1.0288
193 742 0.969123
29 29 0.988622
213 791 1.07062
193 193 1.0288
935 326 1.07062
985 758 1.00851
121 811 1.11414
474 935 1.07062
622 103 0.877249
577 577 1.07062
398 202 1.07062
877 877 1.00851
0 161 1.07062
474 573 1.00851
401 401 0.912904
739 739 1.0288
474 474 0.950009
538 538 1.00851
179 992 0.950009
644 644 1.00851
969 969 1.0288
677 677 1.0288
415 415 0.988622
547 538 1.0288
701 302 1.00851
342 342 0.969123
614 614 0.950009
161 161 1.07062
741 741 0.988622
811 121 0.969123
430 90 1.11414
545 644 1.00851
511 90 1.09216
121 121 1.0495
415 482 0.912904
139 915 1.09216
678 678 1.00851
464 925 0.988622
412 560 0.988622
246 302 0.969123
925 646 1.0495
213 877 1.0495
705 538 1.0288
545 545 1.0288
432 432 0.950009
401 269 0.894899
742 270 0.988622
47 735 0.988622
978 726 0.931272
750 750 0.988622
190 190 0.988622
388 380 1.0495
854 750 1.07062
735 827 1.0288
457 501 1.00851
939 939 1.13655
538 705 0.988622
158 264 0.826359
457 908 0.894899
742 97 0.842986
429 161 1.18275
158 79 1.0495
596 969 1.0288
939 827 1.11414
259 545 1.28085
992 189 1.00851
220 220 1.07062
565 197 0.950009
758 758 0.988622
735 950 1.00851
380 380 1.00851
156 647 1.0495
501 908 0.950009
982 189 1.0288
255 875 0.950009
260 647 1.13655
380 950 1.00851
565 324 0.912904
302 302 1.00851
720 313 1.09216
398 925 1.00851
32 32 0.877249
490 490 0.988622
838 202 1.18275
103 596 1.20654
720 811 1.07062
648 648 0.950009
0 875 0.950009
705 705 1.00851
144 144 0.988622
16 16 0.894899
380 388 0.988622
950 380 1.09216
156 877 1.00851
925 925 1.00851
388 950 1.0495
699 699 1.0495
742 608 0.778422
197 197 1.09216
511 726 0.988622
648 717 0.950009
608 270 1.25558
773 773 1.00851
720 720 1.0495
791 791 1.11414
162 97 0.826359
358 358 1.0495
322 322 0.931272
39 313 1.09216
545 437 0.859947
122 987 1.07062
260 103 0.969123
12 687 1.09216
438 467 1.07062
347 596 1.11414
501 501 1.00851
175 175 0.931272
255 255 0.969123
188 542 0.950009
400 400 1.13655
468 577 1.20654
12 12 1.0495
396 890 1.00851
286 64 0.988622
388 388 1.0288
977 12 1.09216
726 726 1.00851
43 838 0.894899
978 921 1.0288
809 809 1.09216
482 482 1.00851
644 852 0.794084
642 197 1.09216
418 418 1.09216
978 978 1.0288
514 877 1.13655
825 825 1.00851
21 647 1.20654
681 681 1.09216
578 380 1.09216
791 877 1.0495
635 635 0.988622
205 205 0.931272
277 277 1.07062
422 422 0.931272
985 965 0.931272
437 322 0.950009
614 714 0.842986
428 428 1.00851
908 908 0.988622
213 213 0.988622
608 43 1.15942
418 921 1.0495
262 726 1.18275
363 735 1.07062
177 514 1.0495
875 875 1.00851
465 158 1.20654
103 103 1.09216
360 827 1.11414
950 950 1.09216
322 437 0.912904
573 573 1.07062
982 982 1.0495
77 374 1.09216
189 144 0.931272
950 388 1.07062
969 369 0.912904
687 687 1.0495
412 412 0.969123
438 438 1.00851
677 494 0.912904
734 811 1.18275
852 202 1.38708
701 418 1.13655
227 464 1.13655
223 223 1.0288
738 995 0.912904
47 422 0.950009
977 977 0.988622
107 107 1.00851
773 809 1.00851
687 12 1.0495
943 103 0.950009
442 825 0.931272
351 758 1.0495
95 735 1.11414
578 950 1.09216
434 398 1.0288
858 538 1.13655
161 269 1.00851
270 608 0.842986
610 538 1.13655
875 144 0.950009
437 437 0.931272
467 467 1.0288
235 614 1.11414
658 658 1.00851
97 97 0.950009
637 260 0.931272
146 146 0.988622
376 376 1.11414
577 992 0.931272
792 943 1.00851
838 925 1.09216
442 442 0.969123
259 162 1.30662
479 773 1.0288
902 717 1.00851
596 369 0.912904
465 324 1.00851
578 388 1.07062
796 877 1.18275
501 706 0.950009
902 902 1.00851
635 47 0.931272
911 911 0.969123
922 922 1.00851
188 838 0.842986
521 521 1.0495
659 659 0.950009
246 773 1.00851
992 992 1.0288
758 494 0.931272
921 446 0.894899
933 429 1.07062
717 717 1.0288
32 615 0.810061
858 705 1.11414
904 904 1.0288
877 40 0.950009
780 798 1.0288
768 768 1.0288
839 438 0.988622
701 701 1.00851
570 577 1.25558
3 3 1.13655
324 197 1.13655
953 953 1.0288
750 368 0.877249
547 667 0.912904
930 144 1.00851
12 798 1.0288
466 466 1.0288
532 532 0.969123
401 330 0.778422
467 230 0.988622
532 659 0.969123
985 923 0.859947
429 269 1.0495
659 532 0.950009
930 930 1.07062
933 933 1.0288
47 659 0.912904
430 430 1.00851
177 177 1.00851
232 930 1.20654
43 434 0.810061
452 265 1.00851
419 773 1.0288
796 921 1.20654
916 916 1.09216
39 39 1.00851
728 663 0.988622
302 773 1.0495
319 107 1.0495
766 923 0.877249
798 798 1.0495
302 418 1.18275
452 768 0.988622
721 721 1.00851
189 992 0.969123
827 797 0.810061
598 598 0.988622
518 313 1.25558
437 368 0.894899
50 20 1.0495
205 561 0.842986
901 374 1.15942
711 985 1.0495
386 902 1.0495
227 925 1.07062
647 40 0.931272
863 468 1.00851
363 422 1.0288
40 40 0.931272
269 401 1.07062
521 428 1.0288
494 205 1.00851
161 429 0.950009
159 213 1.07062
0 560 0.894899
922 442 0.969123
260 369 0.969123
265 265 1.0288
139 139 1.0288
146 296 0.950009
197 428 1.11414
755 978 1.18275
3 149 1.09216
989 989 1.11414
929 735 1.15942
842 658 1.09216
635 940 0.894899
494 494 1.00851
658 639 0.969123
204 204 1.0495
48 103 1.07062
398 838 0.894899
324 324 1.09216
726 255 1.09216
648 835 0.842986
514 514 1.0495
220 943 1.07062
286 286 0.969123
554 554 1.00851
226 230 1.0495
689 633 0.969123
56 386 0.931272
863 863 0.969123
298 262 1.0495
420 107 1.0288
291 622 1.07062
291 103 1.00851
992 560 0.988622
659 961 0.912904
232 992 1.18275
699 561 0.950009
434 852 0.894899
835 908 1.0495
858 265 1.0495
926 107 1.11414
943 943 0.969123
854 854 0.988622
642 428 1.09216
610 265 1.0495
677 367 0.842986
363 363 0.988622
814 103 1.0495
965 965 1.0495
95 95 1.00851
95 422 1.07062
505 268 1.00851
419 809 1.09216
6 6 1.0288
159 796 0.969123
269 269 1.0495
319 39 0.969123
364 364 0.912904
438 615 0.931272
780 780 1.00851
777 889 0.988622
133 514 1.09216
146 164 1.07062
711 758 1.13655
511 511 0.988622
584 292 0.969123
386 386 1.00851
177 285 1.00851
56 56 0.969123
429 429 0.988622
796 796 0.988622
555 943 0.969123
735 576 0.877249
933 486 1.0288
351 351 0.950009
571 571 1.0495
138 161 1.38708
908 847 0.988622
505 816 1.00851
50 50 1.07062
103 369 1.09216
689 689 0.931272
930 515 1.0288
734 890 1.09216
792 792 0.969123
664 622 1.09216
943 369 0.950009
514 40 1.07062
923 663 1.0495
784 2 0.894899
486 933 0.950009
376 363 1.0495
138 647 1.30662
904 68 1.00851
88 88 0.969123
637 637 1.0495
750 520 0.826359
286 834 1.0288
791 40 0.988622
889 779 1.0288
79 79 1.0495
149 149 1.11414
2 2 1.0288
768 147 0.931272
623 623 0.969123
200 230 1.15942
262 262 1.13655
360 360 0.988622
639 639 0.988622
39 940 0.950009
259 259 1.09216
940 39 1.15942
192 791 1.41499
667 667 1.00851
919 919 1.0495
633 633 0.988622
133 40 1.11414
602 602 0.950009
598 82 0.969123
964 720 1.18275
579 686 0.826359
647 285 0.877249
936 936 0.969123
446 446 1.00851
962 962 1.00851
681 989 1.0288
755 755 1.09216
220 325 1.11414
156 285 0.894899
602 495 0.950009
486 664 0.950009
291 547 1.09216
64 64 0.988622
916 892 1.15942
292 161 1.35972
609 609 1.0288
19 190 1.23082
376 976 1.0495
83 83 1.07062
982 486 0.969123
633 689 0.969123
25 25 1.0495
422 818 0.826359
181 706 1.25558
468 360 1.00851
60 442 1.09216
227 398 1.00851
102 374 1.20654
782 782 1.0288
475 475 0.931272
714 714 1.00851
433 779 1.09216
651 942 1.07062
818 965 1.11414
37 857 1.0495
608 608 0.988622
369 369 0.988622
919 992 1.07062
838 838 0.969123
563 563 0.969123
994 57 1.0288
181 181 0.950009
164 943 1.00851
768 602 0.950009
766 18 0.842986
210 210 0.988622
269 429 0.988622
686 265 1.11414
955 773 1.11414
508 508 1.0495
434 434 0.912904
555 325 0.988622
235 235 0.969123
777 777 0.988622
451 623 0.988622
262 0 1.20654
420 420 0.950009
658 516 0.894899
515 515 1.0495
107 734 0.950009
325 369 1.00851
859 360 1.07062
644 845 0.733266
16 623 0.988622
298 298 1.0495
26 313 1.30662
547 858 0.826359
172 220 1.13655
889 889 0.969123
908 835 0.950009
355 980 0.763069
842 842 0.988622
623 900 0.950009
494 367 0.931272
824 677 1.41499
164 917 1.0288
288 269 1.11414
18 18 0.931272
847 664 0.969123
190 669 0.794084
900 265 1.13655
184 296 1.15942
486 486 0.950009
348 795 1.09216
298 278 1.07062
760 515 1.0495
521 147 0.842986
779 792 1.00851
763 857 1.07062
171 985 1.15942
529 917 1.07062
56 675 0.912904
598 603 0.842986
561 468 1.0288
809 176 0.859947
989 383 1.0288
739 327 0.988622
347 347 1.00851
584 692 0.894899
828 890 1.09216
325 325 1.0495
4 4 1.0495
479 955 1.00851
88 330 0.912904
835 847 1.0495
687 879 0.877249
889 598 1.00851
777 82 1.00851
929 929 1.0288
855 855 1.0288
877 42 0.826359
57 57 1.0495
834 286 0.969123
292 921 1.25558
734 734 1.00851
144 151 0.826359
483 483 1.0288
917 296 0.969123
994 335 1.00851
625 674 1.07062
917 917 1.0495
940 940 1.09216
564 401 1.20654
18 764 0.912904
771 771 1.0495
784 784 0.877249
313 562 0.718803
306 705 1.33291
2 784 0.988622
228 262 1.09216
814 369 1.0495
516 658 1.18275
561 561 1.0495
386 675 0.988622
522 522 1.11414
228 294 0.988622
37 763 1.0495
64 623 1.0495
864 735 1.28085
129 129 1.0288
145 942 1.09216
495 495 0.950009
48 429 1.11414
555 814 0.950009
330 401 1.20654
316 264 1.0288
558 558 0.988622
68 68 1.07062
899 230 1.11414
51 175 1.0495
198 735 1.28085
470 428 1.18275
887 663 1.07062
96 83 1.0288
675 648 1.15942
394 394 1.00851
584 584 0.969123
576 961 0.988622
879 147 0.969123
451 451 0.969123
577 642 0.810061
954 658 1.18275
923 923 1.09216
783 783 1.0288
594 514 1.09216
576 576 0.988622
802 269 1.15942
795 117 1.07062
281 902 1.18275
419 955 1.00851
347 102 0.988622
441 441 1.0288
878 878 0.931272
4 561 1.0288
491 267 0.969123
458 705 1.30662
828 771 1.0495
834 834 0.969123
48 48 0.988622
418 176 0.810061
763 763 1.07062
879 879 0.988622
164 792 0.969123
973 68 1.13655
980 879 1.0288
759 969 1.25558
435 435 1.07062
711 711 0.988622
700 623 1.13655
623 858 0.912904
488 488 1.09216
32 582 0.733266
674 674 1.0288
818 364 0.969123
563 891 1.07062
669 669 0.969123
240 265 1.18275
691 691 1.0495
942 942 1.07062
728 728 0.969123
51 51 1.00851
431 40 1.30662
294 220 1.18275
356 615 1.00851
72 364 1.0495
784 526 0.826359
987 14 0.826359
57 335 1.0288
2 526 0.950009
203 39 1.11414
728 102 0.988622
355 14 0.826359
706 706 1.09216
816 816 1.09216
360 760 0.912904
423 423 1.0288
408 878 1.00851
76 76 0.988622
219 731 1.00851
190 254 0.842986
330 269 1.18275
594 446 1.11414
76 452 0.969123
739 578 0.988622
842 954 0.969123
965 18 0.931272
208 325 1.11414
594 40 1.11414
670 670 1.0288
965 384 0.969123
835 835 1.00851
535 535 0.969123
143 143 1.0288
527 527 0.969123
867 542 1.25558
154 294 0.969123
615 32 1.15942
740 740 1.00851
384 18 0.931272
587 451 1.0288
899 508 1.20654
384 384 0.931272
746 877 1.30662
372 467 1.23082
752 940 1.09216
368 368 1.0495
719 468 1.09216
230 230 1.09216
516 639 1.13655
897 230 1.07062
507 360 1.11414
670 863 0.969123
834 384 0.950009
343 710 0.988622
860 796 1.07062
683 265 1.20654
799 677 1.41499
433 814 1.0495
505 505 0.931272
710 710 1.0495
159 159 1.00851
355 518 0.859947
980 980 0.988622
21 603 0.912904
124 271 1.07062
118 782 1.18275
900 900 1.0288
37 37 1.0288
243 324 1.18275
600 61 0.969123
495 151 0.894899
276 360 1.15942
664 664 1.0288
991 855 1.11414
179 723 0.794084
483 467 1.25558
572 572 1.09216
974 760 0.950009
154 154 0.988622
837 837 0.969123
444 25 1.07062
667 240 0.894899
18 506 0.877249
926 926 1.00851
954 852 1.07062
797 797 1.00851
127 953 1.30662
120 108 0.969123
600 600 0.969123
232 974 1.00851
502 320 1.15942
857 857 1.09216
367 205 1.18275
790 921 1.33291
814 814 1.0495
576 818 0.950009
272 527 1.07062
878 604 0.969123
319 319 0.969123
901 623 1.11414
420 600 0.988622
176 875 1.28085
230 363 1.15942
518 980 0.877249
961 576 1.0288
610 686 0.912904
586 327 1.07062
122 122 0.912904
285 177 1.09216
973 863 1.00851
488 281 1.0495
92 128 1.00851
443 602 1.07062
771 828 0.988622
763 37 1.0495
689 986 0.826359
714 118 0.912904
208 645 0.600826
546 976 1.07062
515 760 0.969123
837 148 0.969123
757 757 1.00851
614 553 0.704626
570 570 1.07062
693 190 1.33291
864 422 1.23082
524 435 1.09216
553 81 1.07062
144 229 0.748019
719 305 1.11414
783 424 1.00851
198 422 1.23082
74 559 1.15942
760 760 0.969123
801 892 1.07062
351 724 0.842986
484 364 1.11414
443 495 1.09216
172 943 1.15942
994 994 1.07062
264 264 1.07062
408 604 0.969123
433 433 1.0288
964 664 1.0495
219 219 1.00851
329 897 0.950009
151 515 1.20654
215 117 1.13655
496 496 1.0288
676 902 1.28085
759 943 1.13655
490 145 1.0495
956 633 1.15942
759 514 1.15942
372 372 1.09216
383 383 1.0495
847 184 0.894899
904 810 0.894899
669 254 1.0288
957 776 1.0288
680 680 0.988622
343 343 1.0495
422 238 0.733266
818 818 1.07062
948 948 1.0288
263 263 1.0288
898 898 1.11414
948 801 1.07062
722 802 0.950009
264 571 1.09216
976 976 1.00851
128 305 1.09216
827 275 0.704626
143 384 0.988622
165 146 1.15942
757 680 0.988622
664 330 1.0288
356 356 0.988622
828 828 0.988622
196 196 0.969123
566 566 1.0495
411 107 1.30662
897 855 1.13655
867 838 1.09216
590 68 1.25558
81 81 1.0288
134 670 1.11414
94 94 0.988622
923 18 1.0495
582 117 1.15942
174 174 1.09216
278 511 1.15942
49 160 0.950009
663 923 1.11414
628 628 1.0288
795 685 0.950009
955 955 1.07062
443 443 1.0495
564 664 1.07062
170 230 1.11414
121 22 0.826359
17 527 1.0288
951 982 1.25558
205 676 0.690729
839 192 0.794084
632 632 0.950009
811 22 0.748019
633 986 0.859947
479 479 0.969123
653 653 1.00851
686 497 0.969123
206 962 1.11414
122 810 0.912904
516 516 1.0495
53 128 1.09216
405 405 1.07062
67 808 1.00851
387 472 0.988622
939 70 0.763069
273 117 1.15942
997 997 1.0288
961 760 0.988622
117 117 1.15942
642 642 1.00851
222 222 1.0288
215 215 1.11414
526 2 1.09216
281 281 1.0495
776 776 1.0495
284 284 1.0495
173 360 1.20654
639 459 0.859947
948 383 1.0288
271 271 1.13655
64 610 0.969123
200 170 1.0495
857 763 1.0495
527 746 1.00851
123 284 1.0495
859 604 0.988622
845 398 1.50213
226 226 0.969123
296 623 1.13655
224 224 1.0495
26 664 1.09216
847 564 0.894899
823 823 1.0288
350 943 1.15942
483 296 1.11414
893 879 0.988622
520 520 1.0288
285 285 1.09216
560 475 0.969123
4 731 0.931272
240 285 1.07062
680 329 1.0495
128 128 1.07062
77 858 0.988622
779 941 0.950009
921 707 0.718803
676 386 1.23082
941 504 0.931272
92 92 0.969123
561 198 0.969123
253 253 1.09216
337 197 1.38708
562 64 1.18275
462 547 1.28085
305 92 0.969123
344 108 1.18275
686 686 0.969123
13 13 1.07062
951 951 1.11414
387 685 1.00851
129 722 1.07062
797 632 0.969123
691 808 1.0288
172 325 1.18275
757 329 0.988622
214 320 0.931272
878 567 0.931272
345 263 1.09216
770 770 0.931272
663 900 1.09216
820 264 1.13655
49 49 0.931272
10 777 1.0495
490 243 1.0495
293 51 1.15942
294 430 1.20654
235 539 0.842986
321 321 1.07062
705 36 0.748019
41 41 1.15942
75 42 0.931272
964 964 1.0288
549 376 1.38708
546 546 1.0495
310 310 1.0288
288 802 0.950009
767 561 1.13655
280 280 1.00851
722 722 0.988622
330 330 1.07062
934 128 1.07062
675 675 1.07062
368 975 1.0288
61 61 1.07062
294 294 1.00851
988 988 0.988622
381 264 1.09216
129 124 1.00851
520 975 1.0288
567 604 1.0288
283 327 1.11414
273 321 1.07062
900 240 0.988622
755 787 0.969123
625 625 1.0288
854 234 0.763069
669 186 0.950009
77 240 0.969123
1001 551 1.09216
722 288 0.950009
957 957 0.988622
912 912 1.11414
507 760 1.0288
778 714 1.30662
587 587 0.969123
254 653 1.0495
272 746 1.11414
893 980 0.912904
929 198 0.950009
192 746 1.11414
329 329 1.00851
533 736 1.07062
16 640 0.894899
897 897 1.0288
868 628 1.0288
170 164 1.20654
108 286 1.0495
740 524 1.09216
499 499 0.931272
51 826 0.950009
367 367 1.09216
184 184 1.09216
249 249 0.988622
152 706 0.988622
108 792 1.09216
372 143 1.13655
258 854 1.15942
525 674 1.07062
408 567 0.969123
609 893 0.988622
941 426 0.931272
181 894 0.931272
112 383 1.13655
525 792 1.11414
767 235 1.13655
518 518 0.988622
456 777 1.07062
171 452 1.09216
365 623 1.20654
83 96 1.0495
532 806 0.748019
797 306 0.969123
579 448 0.733266
274 274 1.00851
278 278 1.13655
45 943 1.20654
675 828 1.0495
529 529 1.0495
258 855 1.20654
660 102 1.09216
350 325 1.18275
612 612 1.09216
674 525 1.0288
263 575 1.00851
816 505 0.988622
954 954 1.0495
478 284 1.09216
82 777 1.09216
801 801 1.0288
53 92 1.0495
296 285 1.11414
252 252 1.07062
902 676 0.748019
764 764 1.00851
736 736 1.11414
524 191 1.0288
108 291 1.0495
384 752 0.859947
203 926 1.15942
746 446 1.23082
310 118 1.00851
909 614 1.38708
293 891 1.07062
941 941 0.931272
651 651 0.988622
645 645 0.988622
333 399 1.0495
487 327 1.09216
887 102 1.07062
776 957 1.00851
466 707 0.794084
999 180 1.15942
746 40 1.23082
148 837 1.07062
975 451 1.11414
551 551 1.11414
857 37 1.00851
668 125 0.931272
575 575 1.00851
83 802 1.0288
17 746 1.00851
243 264 1.11414
613 878 0.988622
362 901 0.969123
788 82 1.07062
605 314 0.969123
724 519 1.0495
9 10 1.09216
63 508 1.09216
587 140 0.950009
657 432 0.969123
314 314 0.969123
541 900 1.13655
809 19 0.842986
918 424 1.00851
657 428 1.30662
774 763 1.09216
283 55 1.0495
997 69 1.0288
180 180 1.15942
128 92 1.0288
480 480 1.0288
99 99 1.00851
868 546 1.15942
851 459 0.931272
68 810 0.969123
802 802 0.988622
362 362 0.969123
217 720 1.38708
830 693 1.20654
117 612 1.07062
1001 1001 1.07062
859 567 0.912904
893 893 1.00851
248 174 1.13655
288 288 0.950009
160 160 1.0288
523 900 1.13655
991 991 0.988622
292 292 0.988622
663 858 1.0495
163 163 1.0495
120 120 0.988622
285 240 1.0288
744 744 1.07062
10 10 1.0495
681 947 0.826359
756 143 1.15942
21 21 0.931272
937 496 1.18275
148 148 1.07062
526 784 1.0288
316 316 0.988622
1 1 0.950009
240 686 1.0288
506 506 0.988622
696 535 1.11414
981 566 1.15942
627 627 0.988622
487 495 1.11414
407 70 0.969123
581 581 1.0495
896 896 0.950009
82 82 1.11414
365 900 1.18275
118 118 1.0288
410 291 1.23082
280 787 0.969123
424 392 0.931272
612 497 1.07062
785 206 1.0288
1000 1000 1.0288
700 901 1.0288
315 568 0.988622
378 703 1.18275
891 51 1.15942
617 617 0.912904
551 912 1.09216
473 473 1.00851
592 592 1.0495
254 254 1.00851
556 320 1.00851
926 203 0.912904
138 236 1.0495
379 852 1.18275
513 513 1.0495
962 206 0.950009
676 675 1.18275
756 756 1.13655
743 467 1.50213
956 632 1.0495
391 391 1.0495
85 374 1.38708
638 638 0.969123
864 818 1.09216
613 408 1.00851
214 587 1.00851
244 878 1.15942
609 518 1.00851
125 566 1.20654
551 1001 1.09216
276 276 1.0288
356 192 0.877249
631 895 1.18275
860 860 0.988622
975 975 1.09216
403 403 0.950009
86 739 1.30662
451 27 0.859947
267 267 1.09216
898 531 1.0495
102 102 1.11414
526 526 1.00851
539 539 0.950009
699 700 0.778422
504 504 0.988622
696 222 1.0288
75 75 0.912904
62 600 1.20654
529 899 0.950009
42 612 1.11414
1001 513 1.0495
725 725 1.07062
234 451 1.15942
327 760 1.09216
151 151 1.0495
45 45 1.11414
953 909 0.778422
19 254 1.0495
536 536 1.09216
145 651 1.00851
805 805 1.0288
366 599 1.07062
670 819 0.912904
956 196 1.0288
504 968 1.00851
955 479 1.00851
824 71 1.0495
426 504 1.0288
96 96 1.0495
592 111 1.00851
802 288 1.00851
523 102 1.11414
695 695 1.07062
378 378 0.950009
208 208 1.00851
945 331 0.969123
785 785 1.00851
55 327 1.11414
896 123 0.912904
407 407 0.969123
774 37 1.07062
25 444 0.931272
467 830 0.733266
640 519 1.0495
524 524 1.00851
520 640 0.969123
228 228 0.988622
189 345 0.763069
296 240 1.0495
660 660 1.0495
106 932 1.09216
975 160 1.07062
962 785 0.931272
693 560 1.25558
541 858 1.09216
788 788 1.0288
222 123 0.969123
891 891 1.07062
917 947 0.877249
531 531 1.0288
215 49 1.0288
597 597 1.00851
381 381 1.0288
634 4 1.23082
247 567 1.00851
942 651 0.988622
724 724 1.0288
99 507 0.988622
743 992 1.4725
887 887 1.07062
427 660 1.0288
896 752 0.912904
519 320 1.0288
230 518 1.0288
522 250 0.931272
67 67 0.931272
694 694 1.00851
306 306 1.07062
38 638 1.0495
894 894 0.950009
870 870 1.0288
214 214 0.988622
987 671 0.763069
539 553 0.950009
901 901 1.00851
466 353 0.733266
552 118 1.09216
751 751 0.988622
951 443 1.11414
226 19 0.931272
564 564 0.988622
13 53 0.988622
855 676 0.826359
456 788 1.0495
300 300 1.00851
740 62 1.0288
426 426 1.0288
160 556 0.988622
481 281 1.20654
724 640 1.0288
42 497 1.11414
266 266 1.07062
751 617 1.00851
176 176 1.0288
331 331 1.0288
409 808 1.13655
55 55 1.00851
945 945 0.988622
691 67 0.950009
977 626 0.826359
932 932 1.0495
660 525 1.15942
183 205 1.35972
567 36 1.0495
692 320 1.0288
606 273 1.23082
244 604 1.13655
556 160 1.09216
132 132 1.00851
304 327 1.15942
826 957 1.09216
82 788 1.07062
106 106 1.07062
563 293 1.00851
973 973 0.988622
888 902 1.44346
24 24 0.988622
123 123 0.969123
124 124 1.00851
795 315 0.894899
196 303 0.842986
704 196 1.11414
463 645 0.912904
601 601 1.07062
134 134 1.00851
70 70 0.969123
195 902 1.41499
899 899 0.988622
192 192 1.0288
264 316 1.00851
7 7 0.912904
431 315 1.07062
237 18 1.13655
618 848 1.07062
754 851 0.912904
87 601 1.09216
586 683 0.988622
733 71 1.09216
154 228 0.969123
507 507 0.988622
778 778 1.09216
198 198 1.0495
586 586 0.969123
703 703 1.0288
719 719 0.969123
278 479 1.0288
96 722 1.0288
66 760 1.18275
810 810 1.0288
38 38 0.988622
481 675 1.18275
171 171 1.00851
472 472 1.13655
196 704 0.859947
906 58 1.0288
491 69 0.988622
506 275 0.931272
53 719 0.969123
26 26 0.988622
133 353 0.733266
392 392 1.00851
241 281 1.23082
314 649 0.912904
353 466 1.41499
251 251 0.931272
446 353 0.748019
816 283 0.912904
42 42 1.07062
364 866 0.733266
470 470 0.988622
160 75 0.969123
132 636 0.988622
620 58 1.0288
833 759 1.11414
764 952 0.931272
919 59 0.826359
45 292 1.07062
968 504 1.0495
141 141 1.11414
312 459 1.00851
640 724 1.0288
693 693 1.09216
497 285 1.20654
452 299 0.763069
73 531 1.07062
525 525 1.07062
209 320 1.0495
170 170 1.0495
617 101 0.894899
682 141 1.0495
519 519 1.11414
169 887 1.07062
924 924 1.0288
668 89 0.894899
968 968 1.07062
531 73 0.988622
140 285 1.18275
849 849 1.09216
841 703 1.15942
527 790 0.988622
407 8 0.988622
390 390 1.07062
808 808 1.15942
315 315 0.988622
927 927 1.0495
615 192 0.950009
387 387 0.950009
194 194 1.07062
75 199 0.877249
70 407 1.0288
203 203 0.988622
184 541 1.00851
199 199 0.877249
612 192 0.988622
508 63 0.950009
265 299 0.778422
906 906 1.0288
790 594 1.09216
832 832 1.0288
304 760 1.15942
640 640 1.0288
583 832 1.0495
241 675 1.20654
776 187 0.931272
125 125 1.09216
245 245 1.0288
46 125 0.988622
984 504 1.11414
651 282 0.912904
187 187 0.931272
478 123 0.988622
726 166 0.625247
165 184 1.0495
754 379 0.894899
36 36 1.09216
145 145 0.988622
557 661 1.09216
300 206 0.988622
820 316 1.09216
27 27 0.950009
774 774 1.0288
824 850 0.988622
222 478 0.969123
130 500 0.988622
367 250 0.988622
27 907 0.931272
538 334 0.690729
337 879 1.25558
582 582 1.00851
81 553 0.969123
506 704 0.912904
69 69 1.0288
536 459 1.0288
71 71 1.13655
731 731 1.07062
9 9 1.00851
445 445 1.11414
102 941 1.0495
655 845 1.11414
94 799 0.988622
117 192 0.969123
504 984 0.950009
478 238 0.950009
251 9 0.969123
566 89 0.877249
672 965 1.41499
556 556 1.0495
324 243 0.931272
381 316 1.0495
498 498 1.00851
311 327 1.33291
928 928 1.00851
840 638 1.0495
134 53 0.931272
682 682 1.07062
949 594 1.11414
963 963 1.0495
756 896 1.0495
562 518 1.15942
31 31 1.0288
846 115 1.00851
748 748 1.00851
63 170 0.931272
543 361 0.912904
748 973 1.00851
281 676 0.894899
707 604 1.09216
169 169 1.0288
843 567 1.13655
58 58 1.0495
463 463 1.07062
218 174 1.28085
116 116 1.0495
10 9 0.969123
590 507 0.969123
680 956 0.810061
426 984 0.988622
266 592 1.0495
906 870 1.0495
984 426 1.11414
444 444 0.950009
821 663 1.28085
497 497 1.11414
937 123 1.07062
334 760 1.18275
615 27 0.969123
937 824 1.0288
620 906 1.0288
873 174 1.25558
533 533 1.00851
548 548 0.950009
383 344 0.748019
300 785 0.988622
424 672 0.859947
130 745 0.969123
209 160 1.15942
290 264 1.28085
8 407 0.969123
638 840 0.931272
643 578 1.18275
462 901 1.09216
625 871 0.988622
275 764 1.15942
321 46 0.969123
581 245 0.877249
254 19 0.931272
674 462 0.931272
876 749 0.950009
58 327 1.20654
673 432 1.0495
848 610 1.13655
11 11 1.0288
191 191 1.13655
206 805 1.11414
186 254 1.13655
234 140 1.07062
183 740 1.07062
377 116 1.13655
362 700 0.877249
55 932 1.0288
73 73 1.0288
242 887 1.11414
389 770 1.15942
869 180 1.28085
692 184 1.09216
772 845 1.09216
308 505 1.09216
856 582 1.0288
661 661 1.11414
238 733 1.07062
140 240 1.13655
69 70 0.894899
848 848 1.13655
27 199 0.931272
618 618 1.0288
620 870 1.0495
990 990 0.988622
772 772 1.09216
773 393 0.733266
812 812 1.0288
582 856 0.988622
924 53 0.950009
541 75 1.0288
832 13 1.0495
66 392 1.07062
52 125 1.07062
850 850 1.0288
211 973 1.07062
273 315 0.969123
99 297 0.931272
211 211 1.0288
68 868 0.894899
427 427 1.00851
487 683 1.0288
947 917 1.38708
622 458 0.704626
19 19 0.969123
346 788 1.13655
753 576 1.28085
846 973 1.09216
981 46 1.0288
848 974 1.09216
206 206 1.0288
957 853 0.877249
110 887 1.15942
820 820 1.00851
70 8 1.0288
731 214 1.09216
936 178 0.763069
568 192 1.00851
219 417 0.894899
806 150 1.07062
914 914 0.988622
399 541 0.912904
830 283 1.07062
855 258 0.826359
700 700 0.931272
104 73 1.0495
912 282 1.0288
497 42 1.09216
876 876 1.00851
348 348 0.931272
510 376 1.53235
168 974 1.11414
502 502 1.07062
59 150 1.09216
116 361 0.912904
46 46 1.00851
344 344 1.00851
942 282 0.912904
125 46 1.07062
880 506 1.09216
283 283 1.00851
409 67 1.0495
280 166 0.577359
918 918 0.969123
375 89 0.988622
630 630 1.07062
990 813 1.0495
379 459 0.969123
14 444 0.969123
414 327 1.25558
120 110 0.912904
344 868 1.09216
377 507 1.11414
49 209 0.810061
553 484 0.894899
58 870 1.13655
446 800 0.778422
143 743 0.733266
186 186 1.0495
165 165 0.988622
883 883 1.09216
799 850 1.0288
265 334 0.763069
231 705 1.56318
543 543 0.988622
875 769 0.600826
69 407 0.950009
238 850 1.0495
470 345 0.931272
491 491 0.988622
530 120 0.931272
448 974 1.13655
242 169 1.07062
157 390 1.15942
557 941 1.11414
846 846 1.00851
62 62 0.969123
856 856 1.00851
920 463 1.13655
619 694 0.969123
293 293 0.969123
968 984 1.00851
628 868 0.969123
89 125 1.09216
931 914 1.00851
523 523 1.11414
320 320 1.11414
30 30 1.0495
628 344 0.842986
234 234 0.969123
238 238 1.0288
309 522 1.41499
754 754 0.859947
371 371 1.00851
508 200 0.842986
751 569 0.931272
562 562 0.969123
112 868 0.988622
634 625 1.11414
662 788 1.15942
626 676 0.950009
140 140 1.11414
830 830 1.00851
84 280 1.20654
934 934 0.931272
94 406 0.969123
110 169 1.11414
781 781 1.09216
804 460 0.733266
974 880 0.794084
9 456 0.969123
71 250 1.07062
986 986 1.09216
914 931 0.969123
169 427 1.0288
696 478 0.988622
813 813 0.988622
636 941 1.11414
704 275 1.0288
808 67 1.07062
999 999 1.11414
589 878 1.15942
211 813 1.00851
568 315 1.00851
530 203 1.0288
692 234 0.988622
251 456 0.931272
200 200 0.969123
374 458 0.733266
799 799 1.0288
8 8 0.988622
790 790 0.988622
697 281 1.35972
984 984 1.07062
272 272 1.00851
15 15 1.09216
385 352 1.13655
460 587 1.15942
655 851 1.07062
14 704 0.950009
853 582 1.09216
417 901 1.13655
861 861 1.07062
480 209 0.894899
378 279 0.894899
346 636 1.09216
375 375 0.969123
447 447 1.0288
947 948 1.35972
17 272 0.912904
702 764 1.30662
747 953 1.44346
931 931 0.988622
636 636 1.09216
515 880 0.810061
867 867 0.969123
788 456 0.931272
41 543 0.988622
685 192 1.07062
980 453 0.894899
707 707 1.0288
958 958 1.00851
346 346 1.0495
704 704 1.00851
636 346 1.0495
868 868 0.988622
361 116 1.15942
593 426 1.18275
411 62 1.00851
590 590 1.0288
456 456 0.950009
150 453 0.826359
760 880 0.810061
907 27 1.0495
71 11 1.0495
393 683 1.0495
703 583 0.704626
924 934 0.950009
767 767 0.950009
840 840 1.00851
907 907 1.0288
761 761 1.07062
727 845 1.15942
352 352 1.15942
194 30 1.0495
312 24 0.969123
113 556 1.23082
672 384 1.28085
113 640 1.23082
649 649 1.0495
239 682 1.07062
891 293 0.969123
84 787 1.15942
239 528 1.13655
28 53 1.0288
683 299 0.912904
810 868 0.950009
667 458 0.763069
549 549 1.07062
801 657 0.600826
348 833 0.950009
626 626 0.988622
59 59 1.07062
101 46 1.07062
307 446 1.41499
552 87 1.18275
662 346 1.07062
999 87 1.0288
115 115 1.09216
431 431 1.00851
749 749 1.00851
303 952 1.07062
685 315 1.07062
468 458 0.778422
186 239 1.0288
399 410 0.969123
492 319 1.15942
236 236 1.07062
826 853 0.969123
22 22 1.0288
153 832 1.07062
333 333 1.0288
350 350 1.00851
73 104 0.969123
536 24 0.950009
583 153 1.0495
806 345 1.0495
569 101 1.0288
800 567 1.11414
243 243 1.00851
52 101 1.07062
871 674 1.13655
804 804 1.00851
409 409 0.988622
737 101 1.0288
787 787 1.0495
732 853 0.988622
907 199 1.0288
87 87 1.00851
101 101 1.0495
315 431 0.931272
425 425 1.0495
390 767 0.969123
963 868 0.969123
641 980 1.09216
76 168 0.778422
229 229 1.11414
237 237 1.00851
359 491 1.00851
282 282 1.0495
448 683 1.09216
357 924 1.18275
275 275 1.0495
173 365 1.00851
787 172 1.00851
116 377 0.950009
512 512 1.07062
89 89 1.0495
447 672 0.988622
104 104 1.00851
826 949 0.950009
613 800 0.894899
447 436 0.988622
454 881 1.0495
436 436 1.0495
11 492 1.0288
519 502 0.950009
436 672 0.988622
311 150 1.23082
352 75 1.13655
652 652 1.0495
752 183 0.842986
33 276 1.20654
248 87 1.07062
775 392 1.15942
694 279 1.07062
707 353 0.988622
63 63 1.00851
406 524 1.11414
377 377 1.0288
361 361 1.0288
305 458 0.810061
383 112 0.859947
290 316 1.20654
574 350 1.00851
153 13 1.07062
107 411 0.763069
841 841 0.988622
244 450 1.07062
303 303 1.0495
462 462 0.969123
115 53 1.09216
311 311 1.07062
603 603 1.15942
87 492 1.0495
543 765 0.894899
808 409 1.00851
317 378 1.23082
365 365 0.988622
460 460 1.0495
503 506 1.18275
173 173 0.950009
673 642 1.23082
866 364 1.41499
306 334 0.931272
819 819 1.13655
683 334 0.894899
488 481 0.826359
28 934 1.0288
393 448 1.00851
806 449 1.00851
410 410 1.07062
258 258 0.969123
151 880 0.894899
569 569 0.988622
59 449 0.988622
370 370 1.00851
668 655 0.826359
489 489 1.07062
458 334 0.912904
333 410 0.969123
843 843 1.0495
392 453 0.894899
853 853 1.0288
8 769 0.894899
709 390 1.20654
359 359 1.0288
385 199 1.07062
959 866 0.950009
109 109 1.09216
166 166 1.0288
552 552 1.07062
369 80 0.763069
794 760 1.30662
327 880 0.912904
502 593 0.748019
33 567 1.20654
91 91 0.988622
580 580 0.988622
416 416 1.0288
353 707 1.09216
949 949 0.988622
583 583 1.0288
414 361 1.07062
472 727 1.0288
947 947 1.13655
588 238 1.11414
321 981 0.877249
588 752 1.15942
239 239 1.0495
352 199 1.09216
157 157 1.0288
940 697 0.588976
112 112 1.00851
512 127 1.0288
304 304 1.00851
813 715 1.0288
679 679 1.0495
469 238 1.11414
242 242 1.0288
176 393 0.950009
290 290 1.11414
132 557 0.859947
983 983 0.988622
641 518 1.23082
568 431 0.950009
406 799 1.11414
909 909 1.0288
110 110 1.11414
471 832 1.09216
850 183 0.931272
267 166 0.912904
168 299 1.00851
100 39 1.59463
656 70 1.0495
54 136 0.894899
909 671 1.0288
209 209 0.988622
905 905 1.07062
448 448 1.0495
920 166 0.969123
28 28 1.00851
100 940 1.44346
833 348 0.950009
785 93 0.482597
174 218 0.748019
981 981 0.912904
399 662 0.842986
601 534 0.988622
862 75 1.18275
449 449 1.00851
11 218 0.842986
993 853 1.0495
289 289 0.988622
299 448 1.07062
716 901 1.23082
715 813 1.0288
624 241 0.826359
320 541 1.09216
14 241 0.894899
308 308 0.988622
731 417 0.969123
629 714 1.4725
458 458 0.894899
46 981 0.894899
425 183 0.988622
752 318 0.810061
871 120 1.15942
882 138 1.0288
601 873 0.912904
389 389 0.969123
743 743 0.988622
880 880 1.00851
881 881 1.11414
153 153 1.0495
66 66 0.969123
580 634 0.988622
530 530 1.09216
299 299 1.0495
375 655 0.931272
960 960 0.969123
353 353 1.00851
395 984 1.15942
589 353 0.988622
952 952 1.09216
862 856 1.09216
393 393 1.00851
345 337 0.894899
634 634 0.950009
805 93 0.492307
979 157 1.07062
603 907 1.13655
276 80 0.894899
708 708 1.0288
685 431 1.00851
325 93 0.53314
217 258 1.0288
817 410 1.00851
619 279 1.0288
643 283 1.0288
312 312 0.988622
703 471 0.704626
643 414 0.969123
727 727 1.0495
627 152 1.09216
832 715 0.988622
569 52 0.950009
275 453 0.988622
618 168 0.912904
52 52 0.950009
406 406 1.09216
626 241 0.912904
747 748 1.20654
332 332 1.0495
248 248 1.00851
863 85 0.763069
334 334 0.988622
540 540 1.07062
949 833 0.950009
450 450 1.0288
231 229 1.15942
580 354 0.950009
417 417 1.00851
706 152 1.07062
833 833 0.969123
417 385 1.00851
588 672 1.09216
460 716 0.988622
655 655 0.969123
873 492 1.09216
410 817 1.0495
831 831 0.988622
481 481 0.950009
101 981 0.950009
385 385 1.00851
672 672 1.09216
732 732 1.00851
557 557 0.950009
183 183 1.0288
856 862 0.912904
357 114 0.931272
959 959 0.988622
732 993 1.0288
299 334 1.0288
810 257 0.877249
472 655 0.969123
142 142 0.988622
510 549 1.18275
379 312 0.969123
318 309 1.11414
41 119 0.733266
769 769 1.0288
671 868 1.15942
216 145 1.28085
395 395 1.11414
492 492 1.07062
624 624 1.00851
772 655 0.969123
241 481 0.969123
80 365 1.07062
589 800 1.0288
963 257 0.894899
782 182 0.637827
737 593 0.969123
671 671 1.0495
733 517 0.625247
93 769 0.988622
168 168 0.969123
425 481 0.969123
354 625 1.28085
308 641 0.931272
888 888 1.0288
871 871 1.0495
979 979 1.09216
775 765 1.07062
85 365 1.09216
946 946 1.0288
733 318 0.894899
471 153 1.07062
167 167 1.07062
946 413 1.0288
661 557 0.988622
765 327 1.38708
606 606 0.969123
476 476 0.988622
80 339 1.0288
884 81 1.44346
585 767 1.13655
737 737 0.931272
297 99 1.28085
661 589 0.718803
786 786 1.0288
411 411 0.950009
485 13 1.94614
124 5 0.502212
167 510 1.0495
662 662 0.969123
413 413 1.07062
765 58 1.20654
616 634 1.15942
309 309 1.09216
652 864 1.0495
454 454 0.950009
821 365 1.09216
753 453 1.0288
657 673 0.950009
85 339 1.0495
195 100 1.00851
593 593 0.969123
619 619 1.0288
414 414 1.0495
603 385 1.07062
715 715 1.0495
469 183 1.0495
402 402 1.07062
716 871 1.23082
152 152 1.00851
616 354 1.09216
853 862 0.950009
873 873 1.0288
817 817 0.988622
970 715 1.50213
492 873 0.969123
971 385 1.09216
727 655 0.988622
218 218 1.00851
993 732 1.07062
218 873 1.0495
449 453 1.00851
972 972 1.00851
113 113 1.0495
794 794 1.11414
879 216 0.763069
969 307 0.637827
337 337 0.950009
913 115 1.28085
993 993 1.09216
654 979 1.07062
807 93 0.912904
934 85 0.810061
534 534 1.0495
716 716 1.09216
729 917 1.98529
303 131 0.950009
374 307 0.677106
729 992 1.83324
697 888 1.09216
881 454 1.00851
874 874 1.0288
65 979 1.11414
395 593 1.0288
510 510 1.07062
996 874 1.07062
888 697 0.969123
866 866 1.09216
332 131 0.988622
574 574 1.00851
131 131 0.988622
195 195 1.00851
369 307 0.718803
287 512 1.28085
775 775 1.09216
862 862 1.0288
338 338 1.0495
503 880 1.09216
93 93 0.988622
279 279 0.988622
836 110 1.23082
93 5 1.0288
33 80 1.09216
967 967 1.07062
920 920 0.969123
80 80 1.00851
297 297 1.18275
267 920 0.950009
641 641 1.0288
469 469 1.00851
673 673 1.00851
697 697 1.0288
231 880 1.09216
971 593 1.0495
517 517 0.912904
671 641 1.0288
5 93 0.988622
307 458 1.07062
155 390 1.33291
656 93 0.969123
607 517 0.577359
182 979 1.0495
805 307 0.625247
489 762 0.950009
714 397 0.554809
317 317 0.988622
974 231 0.718803
794 66 1.09216
257 344 0.969123
92 307 0.748019
297 114 0.988622
257 868 1.09216
595 595 0.950009
804 84 0.637827
279 619 1.07062
305 307 0.748019
345 216 0.826359
913 28 1.20654
595 137 0.950009
318 607 1.0288
5 5 1.00851
354 634 1.11414
23 23 0.894899
718 93 0.912904
471 471 1.00851
155 297 1.20654
840 137 0.912904
178 67 1.30662
989 753 0.53314
354 354 1.0288
960 84 0.988622
607 607 0.912904
480 971 0.704626
115 85 0.842986
503 503 1.07062
718 5 0.931272
549 323 0.778422
517 767 1.13655
339 173 1.13655
78 78 1.13655
100 100 1.11414
84 84 0.969123
339 339 1.13655
709 709 1.11414
764 702 0.778422
271 307 0.65066
517 318 1.07062
979 397 0.950009
946 98 0.950009
961 753 0.748019
702 98 1.0288
182 182 1.00851
382 775 1.09216
98 946 1.15942
136 383 1.65945
493 493 1.11414
611 287 1.09216
323 383 2.02524
178 409 1.23082
178 178 1.00851
327 753 0.826359
114 297 1.28085
819 307 0.704626
821 821 1.0288
958 656 0.65066
817 971 0.718803
970 821 0.988622
287 287 1.11414
320 971 0.810061
114 114 1.0288
86 910 0.988622
616 616 0.988622
654 397 0.988622
712 910 0.988622
237 753 0.859947
574 233 1.0495
453 453 1.13655
807 656 0.988622
30 591 0.625247
257 257 1.07062
593 971 0.912904
762 762 1.09216
98 862 1.11414
913 913 1.0495
131 702 0.931272
194 591 0.637827
886 972 1.18275
702 702 1.00851
382 323 1.00851
233 574 1.0288
629 397 0.810061
307 307 0.988622
656 656 0.988622
373 373 1.0495
361 753 0.912904
5 718 1.09216
341 552 1.25558
216 216 1.07062
98 98 1.07062
718 718 0.988622
65 654 0.969123
427 33 0.690729
971 971 0.969123
684 684 1.0495
271 33 0.65066
233 84 0.931272
654 654 0.969123
339 307 1.0495
221 221 1.0288
959 654 0.894899
233 233 1.0495
886 886 0.969123
996 996 0.931272
553 35 0.704626
334 729 0.859947
336 336 1.07062
807 807 1.00851
874 996 0.877249
119 654 1.0288
81 35 0.600826
35 996 1.25558
793 183 1.30662
819 33 0.733266
958 807 0.677106
136 624 1.25558
137 137 0.988622
966 886 0.894899
136 136 1.00851
137 595 0.988622
328 328 1.0288
382 382 1.0288
13 970 0.663751
118 65 0.704626
765 753 1.0495
813 970 0.718803
688 688 1.00851
885 344 1.30662
621 621 1.11414
485 807 1.0288
874 35 0.704626
715 970 0.704626
585 35 0.748019
65 65 1.00851
747 747 0.988622
970 970 1.00851
23 884 0.859947
666 666 1.00851
485 485 0.988622
539 341 0.690729
310 341 0.637827
884 35 0.950009
35 35 0.988622
585 585 0.950009
822 822 1.00851
836 747 1.25558
340 340 1.00851
996 35 0.733266
323 323 1.11414
748 836 0.625247
884 884 1.15942
323 136 1.18275
966 666 0.969123
357 357 0.931272
341 341 0.877249
966 966 1.0288
591 35 0.794084
885 885 1.0288
349 349 1.0288
591 65 0.950009
841 966 0.969123
886 966 1.11414
114 357 1.00851
309 341 0.65066
397 397 1.13655
684 301 0.877249
30 341 0.543867
477 666 0.859947
591 591 1.0288
729 729 1.0495
221 666 0.950009
621 591 0.969123
621 397 0.826359
793 793 1.0288
836 836 0.950009
477 477 1.0288
397 174 2.19321
397 714 1.98529
35 585 1.25558
301 301 0.988622
23 793 0.810061
910 910 1.0495
953 793 0.588976
217 217 0.931272
449 753 0.912904
512 793 0.826359
522 341 0.522625
119 397 1.0288
850 793 0.718803
119 65 1.0495
652 753 0.894899
331 349 0.213247
174 884 0.565972
880 503 0.988622
493 65 0.859947
390 35 0.677106
753 753 0.931272
793 23 1.11414
453 753 1.0288
318 591 0.748019
493 397 0.778422
629 629 1.07062
453 275 1.15942
