312
282 747 1.72126
250 656 1.72126
360 954 1.58981
173 485 1.75579
222 656 1.65423
135 851 1.6217
308 807 1.72126
233 617 1.55854
252 658 1.75579
273 718 1.68741
365 971 1.55854
359 833 1.68741
232 616 1.65423
312 826 1.58981
338 12 2.01768
52 137 1.65423
3 5 1.75579
326 852 1.86359
40 93 1.79101
221 595 1.65423
161 454 1.65423
279 737 1.72126
320 842 1.82694
328 545 2.09945
219 593 1.72126
68 175 1.72126
264 415 1.75579
143 402 1.86359
125 354 1.75579
368 957 1.82694
334 862 1.68741
164 459 1.52789
346 890 2.05816
112 312 1.72126
367 977 1.68741
324 162 1.93911
65 166 1.72126
45 113 1.65423
92 256 1.65423
272 716 1.72126
249 655 1.65423
353 3 1.75579
254 662 1.65423
311 817 1.58981
74 853 1.32958
278 993 1.68741
156 439 1.68741
363 640 1.41121
315 833 1.65423
293 769 1.72126
339 881 1.68741
373 993 1.68741
216 580 1.75579
184 516 1.58981
213 580 1.82694
259 642 2.14156
325 459 1.55854
140 395 1.82694
139 389 1.72126
151 853 1.35625
352 642 2.14156
275 727 1.68741
212 853 1.30343
240 634 1.65423
27 52 1.55854
361 633 2.01768
152 431 1.65423
147 410 1.75579
238 32 1.86359
199 557 1.55854
319 840 1.82694
307 582 1.46839
148 417 1.65423
129 364 1.72126
56 296 1.68741
369 981 1.52789
153 432 1.68741
116 437 1.68741
39 89 1.82694
85 706 2.56072
100 273 1.6217
258 668 1.49785
166 462 1.65423
172 520 1.58981
163 456 1.72126
165 460 1.65423
10 520 1.58981
137 385 1.52789
355 356 1.72126
82 223 1.90097
22 44 1.49785
246 428 1.90097
1 3 1.68741
32 8 1.79101
93 261 1.55854
305 273 1.68741
43 256 1.58981
108 202 2.51036
123 351 1.6217
134 375 1.75579
8 640 1.68741
111 310 1.86359
64 692 1.75579
310 816 1.68741
58 149 1.75579
207 569 1.58981
351 731 2.14156
138 387 1.49785
72 192 1.79101
36 4 1.75579
80 215 1.65423
127 359 1.68741
299 781 1.55854
115 321 1.79101
327 853 1.6217
90 267 1.68741
162 455 1.65423
193 24 1.55854
215 584 1.68741
239 633 1.75579
285 754 1.49785
15 582 1.38345
97 264 1.72126
296 949 1.49785
168 467 1.90097
16 34 1.75579
335 871 1.6217
73 196 1.79101
375 509 1.58981
201 562 1.6217
107 293 1.72126
48 125 1.65423
4 8 1.75579
9 272 1.49785
83 398 2.31864
157 440 1.65423
169 472 1.82694
256 184 1.49785
277 731 1.82694
29 64 1.65423
265 690 1.72126
358 947 1.72126
146 409 1.68741
244 639 1.86359
266 949 1.43951
96 265 1.72126
142 400 1.68741
113 315 1.72126
86 234 1.6217
55 184 1.58981
362 853 1.52789
59 398 2.27304
46 117 1.72126
119 333 1.75579
174 69 1.6217
204 566 1.75579
44 731 1.75579
41 101 1.58981
295 772 1.68741
267 692 1.65423
372 988 1.6217
289 975 1.65423
214 582 1.75579
269 623 1.82694
38 975 1.52789
144 8 1.6217
176 498 1.72126
262 315 1.65423
374 69 1.75579
91 251 1.65423
318 594 1.68741
75 199 1.55854
121 348 1.6217
283 219 1.65423
242 636 1.75579
366 214 1.79101
196 81 1.82694
179 502 1.58981
200 587 1.58981
236 625 1.68741
202 293 1.75579
12 988 1.72126
132 372 1.79101
99 272 1.72126
210 694 1.79101
323 845 1.65423
349 27 1.6217
287 759 1.55854
160 452 1.52789
177 499 1.75579
130 366 1.52789
284 751 1.68741
329 556 1.75579
189 525 1.75579
24 46 1.55854
71 187 1.6217
88 4 1.93911
229 497 1.82694
370 984 1.58981
194 140 1.72126
354 640 1.58981
245 519 1.86359
243 638 1.75579
31 69 1.65423
14 27 1.58981
19 38 1.82694
342 519 1.68741
198 160 1.86359
175 497 1.65423
188 699 2.18452
114 320 1.75579
118 564 1.68741
33 42 1.75579
120 346 1.55854
54 140 1.68741
66 4 1.97801
206 568 1.65423
13 26 1.65423
220 594 1.75579
341 883 1.72126
77 519 1.82694
182 509 1.52789
5 9 1.79101
167 463 1.75579
79 214 1.65423
170 473 1.75579
26 826 1.72126
11 21 1.55854
124 352 1.68741
6 10 1.82694
344 51 1.86359
231 192 1.49785
225 603 1.6217
270 711 1.90097
180 504 1.68741
128 362 1.65423
34 49 1.65423
301 788 1.72126
21 42 1.68741
291 561 1.97801
302 594 1.79101
348 901 1.65423
333 860 1.65423
25 49 1.6217
106 292 1.72126
181 505 1.6217
190 526 1.68741
192 529 1.65423
217 451 1.82694
356 941 1.6217
103 285 1.90097
23 45 1.68741
253 661 1.75579
274 519 1.82694
316 834 1.65423
364 968 1.65423
191 746 1.75579
104 834 1.75579
281 746 1.68741
87 240 1.65423
336 658 1.6217
149 968 1.6217
61 159 1.68741
159 623 1.93911
30 842 1.90097
294 770 1.58981
276 728 1.79101
309 808 1.75579
203 835 1.82694
306 796 1.86359
251 768 2.09945
141 399 1.6217
70 184 1.6217
171 480 1.72126
297 788 1.65423
154 437 1.79101
81 219 1.6217
126 356 1.65423
228 686 1.58981
186 520 1.68741
290 724 1.32958
60 842 1.65423
131 520 1.72126
300 526 1.49785
255 900 1.75579
223 889 1.72126
185 519 1.68741
35 156 1.90097
62 160 1.75579
37 82 1.68741
78 877 1.72126
347 900 1.65423
317 847 1.72126
51 135 1.79101
263 265 1.90097
2 4 1.79101
0 2 1.58981
260 674 1.68741
371 923 1.55854
350 908 1.68741
331 265 1.82694
298 779 1.79101
155 438 1.75579
235 623 1.65423
109 296 1.6217
268 520 1.52789
343 889 1.72126
69 285 1.55854
50 647 1.82694
183 514 1.79101
20 40 1.58981
248 647 1.75579
