648
279 966 1.6552
123 357 1.559
141 639 1.41093
384 666 1.79277
123 884 1.68857
71 500 1.15564
67 217 1.72261
58 260 2.1888
71 130 1.06696
245 65 0.965621
279 886 1.46839
226 130 1.08847
261 793 1.30266
236 984 1.62249
440 398 1.52819
273 588 1.75734
245 248 1.49799
71 613 1.15564
32 108 1.79277
126 233 1.86578
389 366 1.08847
236 968 1.59043
279 163 1.98091
6 366 1.15564
236 504 1.68857
487 785 1.94177
61 559 1.06696
32 110 1.62249
44 155 1.62249
6 988 1.35571
32 913 1.32892
44 654 1.75734
227 737 1.1328
373 793 1.02521
381 753 1.32892
227 593 1.1328
245 87 1.59043
68 411 1.6552
227 101 1.25168
96 297 1.59043
123 248 2.32387
330 199 1.25168
346 323 1.72261
255 727 1.32892
330 352 1.32892
96 390 1.75734
58 921 2.41851
330 117 1.49799
96 155 1.559
58 555 2.51701
13 829 1.08847
346 382 1.79277
255 853 1.35571
138 599 1.17893
388 793 0.946539
134 617 2.41851
2 166 1.6552
384 221 1.79277
115 131 1.52819
13 472 1.68857
67 481 2.06159
384 841 1.82891
13 130 1.2027
476 502 1.59043
487 103 1.68857
66 199 1.02521
134 117 2.46727
476 378 1.75734
66 859 1.06696
487 661 1.68857
476 519 1.75734
66 567 1.06696
134 321 2.41851
115 332 1.559
440 925 1.559
68 524 1.68857
115 868 2.61952
43 44 1.08847
44 512 2.32387
4 884 1.1328
43 149 1.49799
68 740 1.59043
126 728 1.6552
43 3 1.559
346 360 2.51701
126 792 1.98091
241 199 0.927833
119 688 1.32892
67 386 2.02085
0 400 1.35571
483 765 2.27794
483 830 5.37378
0 690 1.43937
102 729 1.32892
261 218 1.68857
192 737 1.17893
300 349 0.335264
63 970 1.04587
0 34 1.559
459 729 0.891525
230 206 1.98091
241 582 0.965621
462 114 1.15564
307 807 0.965621
292 690 1.49799
462 203 1.98091
387 35 0.927833
151 690 1.41093
316 729 1.68857
230 133 1.79277
241 604 1.00495
483 420 5.16349
462 850 1.62249
353 165 1.15564
261 118 1.90339
492 84 1.86578
307 656 0.965621
273 512 1.72261
356 133 2.23293
479 199 0.946539
230 260 1.94177
189 682 7.39558
479 907 0.946539
273 672 1.72261
118 283 1.75734
479 878 1.00495
189 424 7.85194
18 216 0.985088
125 615 1.32892
161 620 1.79277
118 899 2.1888
125 438 1.46839
4 23 1.17893
99 228 1.79277
37 718 0.985088
338 323 1.32892
239 397 0.909498
125 32 1.41093
306 654 0.985088
104 625 1.75734
390 737 1.04587
189 442 5.48211
133 702 1.02521
146 101 1.35571
356 921 2.32387
356 726 2.27794
146 856 1.75734
182 656 1.00495
118 801 3.01231
168 599 1.22695
102 794 1.35571
99 298 1.72261
146 556 1.86578
428 641 1.94177
99 430 1.98091
253 438 1.49799
323 318 1.38304
30 971 0.946539
198 178 0.965621
161 66 1.75734
50 618 1.43937
253 615 1.38304
373 740 1.68857
431 913 1.72261
266 975 1.25168
121 676 1.62249
7 31 1.559
253 32 1.46839
28 334 1.27692
323 183 1.559
63 821 1.04587
50 848 1.49799
500 629 1.11041
15 949 1.59043
185 332 1.30266
492 990 1.94177
130 685 1.30266
439 323 0.823115
411 760 1.559
135 520 1.32892
18 142 0.946539
50 711 1.59043
46 981 1.1328
252 654 0.823115
405 876 1.559
368 589 1.08847
75 119 1.17893
192 593 1.17893
158 947 1.82891
433 216 0.927833
422 888 1.25168
24 446 1.32892
405 749 1.52819
472 245 1.72261
368 315 1.25168
301 411 1.94177
486 983 1.30266
307 93 0.873907
34 397 0.873907
182 93 0.946539
162 247 1.17893
121 940 2.32387
492 570 2.02085
368 346 1.25168
387 821 1.02521
278 700 1.27692
61 202 1.38304
121 205 2.32387
438 385 1.22695
69 569 1.2027
4 553 1.49799
39 941 1.68857
28 760 1.52819
371 794 1.30266
446 841 1.41093
69 751 1.25168
161 870 1.86578
39 504 1.62249
2 463 1.72261
459 947 1.32892
441 530 1.68857
177 662 1.11041
428 18 2.02085
428 384 2.14555
145 251 2.41851
185 443 2.61952
162 843 1.2027
150 261 0.873907
412 234 1.72261
133 131 1.08847
177 346 1.22695
400 218 1.15564
158 285 1.559
192 101 1.30266
37 5 0.873907
153 248 1.82891
198 952 1.04587
252 397 0.806848
309 458 1.2027
24 514 1.30266
388 100 1.15564
218 354 1.1328
177 321 1.35571
248 425 0.985088
282 93 0.891525
24 161 1.559
388 183 1.17893
194 458 1.2027
69 101 1.22695
408 880 1.52819
452 136 1.15564
46 219 1.68857
323 940 2.14555
53 180 1.59043
46 519 1.38304
185 207 2.23293
306 979 1.1328
237 662 1.1328
378 93 0.823115
1 737 1.06696
150 925 1.52819
158 446 1.6552
63 354 1.11041
440 201 1.59043
265 920 0.790904
278 587 1.43937
427 21 1.2027
348 5 0.839708
397 853 1.27692
211 838 1.27692
1 593 1.06696
450 447 1.41093
348 946 1.02521
453 5 0.856637
239 118 1.46839
211 74 1.04587
501 62 1.30266
453 93 0.873907
237 636 1.22695
459 948 1.59043
362 808 1.49799
211 646 1.59043
361 93 0.775274
340 199 1.25168
179 398 1.35571
59 887 1.43937
256 436 1.22695
162 968 1.38304
335 698 1.08847
468 332 1.15564
235 234 1.52819
59 198 1.43937
315 334 1.08847
237 346 1.25168
11 411 1.02521
278 561 1.559
137 800 1.22695
490 168 1.11041
393 974 1.68857
427 617 1.11041
338 948 2.23293
260 152 1.49799
427 603 1.1328
413 700 1.17893
393 764 1.43937
35 199 1.04587
239 714 1.6552
140 981 1.02521
1 101 1.17893
494 458 1.06696
223 661 1.75734
380 199 1.06696
360 634 1.08847
59 561 1.559
380 352 1.1328
301 71 1.62249
282 769 0.873907
351 612 1.2027
448 339 1.06696
352 736 1.62249
401 838 1.43937
81 276 1.38304
39 374 1.79277
166 657 1.79277
393 576 1.52819
268 655 0.946539
380 117 1.27692
153 539 1.52819
163 446 1.79277
166 432 1.6552
31 843 1.06696
201 650 0.927833
107 845 1.11041
301 740 1.86578
448 365 1.11041
351 255 1.41093
147 517 0.985088
175 229 1.25168
351 791 1.52819
75 364 1.52819
27 449 1.22695
65 199 1.17893
430 513 1.72261
309 70 1.08847
453 446 1.35571
153 403 1.79277
182 70 1.08847
198 306 1.11041
320 650 0.909498
285 337 0.909498
51 178 0.909498
490 299 1.11041
457 643 1.6552
35 27 1.06696
223 40 1.79277
16 53 1.68857
179 925 1.46839
488 332 1.08847
377 748 1.27692
35 907 1.04587
439 719 1.32892
269 244 0.985088
179 201 1.43937
438 923 1.52819
297 393 1.06696
12 838 1.25168
223 514 1.79277
75 965 1.68857
65 352 1.25168
441 834 1.35571
137 353 1.17893
348 705 1.46839
431 728 1.90339
500 235 1.49799
65 117 1.41093
31 332 1.08847
108 481 0.927833
30 556 1.15564
249 481 0.946539
31 395 1.11041
30 352 1.15564
431 674 2.27794
491 864 1.04587
233 451 1.2027
400 118 1.38304
464 623 1.49799
438 663 1.46839
175 760 1.41093
400 310 1.38304
354 843 0.946539
439 99 1.30266
306 194 1.82891
51 36 0.965621
252 979 0.946539
16 276 1.38304
51 604 1.04587
299 153 1.17893
461 907 1.1328
233 184 1.15564
345 303 1.06696
467 306 1.30266
233 596 1.32892
81 923 1.75734
268 727 1.00495
180 707 1.1328
377 731 1.30266
142 449 1.00495
354 567 1.04587
398 672 1.06696
391 165 1.17893
354 556 1.08847
433 73 1.22695
195 392 1.25168
82 36 1.02521
81 965 1.6552
464 547 1.59043
315 797 1.32892
311 828 1.43937
364 973 1.2027
219 450 0.873907
382 450 0.946539
471 484 1.08847
219 255 1.2027
311 675 1.46839
467 632 1.32892
219 647 1.25168
257 514 1.52819
140 46 1.15564
347 325 1.59043
364 169 1.11041
420 760 1.35571
455 604 1.04587
500 614 1.68857
413 305 1.43937
214 177 1.25168
408 515 2.23293
299 378 1.32892
214 992 1.35571
325 606 0.856637
175 515 1.52819
214 438 1.35571
360 169 1.22695
345 123 1.17893
82 497 1.1328
464 622 1.559
398 275 1.08847
82 604 1.11041
34 553 1.22695
181 952 1.1328
455 707 0.946539
136 364 1.46839
433 254 1.30266
347 943 1.559
16 128 1.72261
299 703 1.68857
238 567 1.15564
377 561 1.43937
424 304 1.04587
406 192 0.946539
311 940 1.52819
448 276 1.25168
413 623 1.43937
452 976 1.90339
309 360 1.49799
347 260 1.59043
480 876 1.04587
181 582 1.15564
455 466 1.22695
195 760 1.32892
420 900 1.38304
257 877 1.6552
209 929 1.559
482 707 1.04587
406 612 1.04587
140 378 1.38304
194 369 1.49799
257 220 1.49799
280 377 0.946539
225 290 1.08847
3 36 1.00495
404 36 1.06696
203 640 1.17893
12 559 1.22695
480 749 1.06696
269 859 1.11041
473 466 1.41093
441 16 1.22695
269 567 1.11041
406 615 1.08847
420 360 1.46839
114 79 1.59043
280 116 1.04587
147 850 1.2027
374 940 1.43937
194 103 1.49799
485 165 1.06696
470 446 1.43937
3 604 1.08847
376 392 1.2027
84 69 1.08847
3 306 1.08847
490 452 1.32892
142 150 1.08847
280 663 1.11041
391 320 1.15564
470 369 1.35571
137 446 1.59043
98 169 1.15564
34 81 1.35571
315 360 1.41093
461 612 1.32892
461 452 1.32892
180 466 1.46839
114 267 1.22695
379 952 1.02521
152 198 1.11041
359 239 0.946539
191 640 1.11041
152 422 1.30266
442 733 1.11041
469 923 1.35571
152 735 1.35571
83 252 1.49799
52 683 1.02521
458 303 0.873907
452 939 1.75734
203 320 1.11041
124 923 1.08847
360 4 1.38304
333 575 1.17893
224 724 1.11041
469 929 1.35571
84 632 1.17893
12 202 1.559
364 68 1.32892
203 451 1.27692
124 276 0.985088
268 845 1.11041
282 446 1.38304
181 768 1.49799
391 623 1.35571
470 978 1.559
124 663 1.02521
319 320 1.11041
460 576 1.41093
159 604 1.00495
160 746 1.1328
357 798 1.43937
197 255 1.32892
139 652 1.02521
197 604 1.08847
191 975 1.17893
454 488 1.38304
376 797 1.30266
97 466 1.25168
98 235 1.30266
37 255 1.49799
263 466 2.10315
319 347 1.27692
238 88 1.38304
366 285 1.2027
195 827 1.62249
359 186 0.965621
366 647 1.41093
424 760 1.2027
47 604 1.06696
90 608 1.2027
415 564 1.08847
401 202 1.82891
265 921 1.41093
469 663 1.30266
191 520 1.17893
164 255 1.41093
494 992 1.43937
342 570 1.41093
164 875 1.38304
147 81 1.25168
160 487 1.11041
263 726 2.23293
454 902 1.46839
494 255 1.49799
297 791 1.559
27 950 1.75734
56 434 1.17893
52 497 1.11041
359 254 1.04587
225 571 1.27692
164 161 1.559
284 929 1.25168
361 325 1.46839
263 90 2.61952
27 939 1.75734
52 612 1.11041
238 538 1.52819
491 659 1.35571
284 965 1.35571
265 161 1.52819
108 281 1.17893
482 466 1.35571
361 943 1.43937
424 515 1.30266
98 614 1.559
197 161 1.49799
460 388 1.59043
240 25 1.35571
47 647 1.32892
45 79 1.52819
116 246 1.46839
90 43 1.46839
460 950 1.62249
485 633 1.27692
229 202 1.46839
491 363 1.35571
56 852 1.17893
47 161 1.52819
84 255 1.46839
92 212 1.559
382 623 1.17893
285 633 1.22695
415 615 1.11041
404 144 1.30266
285 689 1.2027
320 41 1.25168
482 978 1.46839
108 488 1.22695
201 965 1.32892
169 705 1.27692
107 398 1.49799
284 735 1.43937
222 146 1.17893
376 827 1.559
382 547 1.25168
90 270 1.52819
319 596 1.41093
480 939 1.43937
485 577 1.49799
220 6 1.32892
142 827 1.43937
325 429 1.15564
415 32 1.17893
45 158 1.59043
213 644 1.43937
56 644 1.49799
139 376 1.43937
325 438 1.2027
213 188 1.46839
45 565 1.59043
139 939 1.41093
