90
52 410 1.73688
7 125 0.919915
27 472 0.99598
89 301 1.77173
95 737 0.739375
122 276 0.643406
157 589 0.643406
55 844 0.739375
120 46 0.754207
174 520 0.919915
118 800 0.739375
56 459 0.769337
78 458 0.724835
33 713 0.682908
181 724 1.07833
4 366 0.769337
8 928 0.754207
92 853 0.710581
183 5 0.527506
58 856 1.01596
47 727 0.696607
97 234 0.901825
133 334 0.669478
164 366 0.710581
77 101 0.754207
64 353 0.696607
66 657 1.03634
119 82 1.42401
21 44 0.669478
16 395 0.682908
63 968 0.832951
31 569 0.710581
94 599 0.784769
49 856 0.754207
139 199 0.739375
84 385 0.559893
22 385 0.630753
108 346 0.739375
2 166 0.938369
176 760 0.84966
1 101 0.696607
100 368 0.866704
167 576 0.88409
190 353 0.606189
140 202 1.36855
196 332 0.618349
67 599 0.784769
30 567 0.643406
29 199 0.696607
46 178 0.606189
75 952 0.606189
61 567 0.724835
54 446 0.901825
159 952 0.618349
195 374 1.01596
81 36 0.643406
101 576 0.724835
182 276 0.739375
36 36 0.630753
0 400 0.84966
160 199 0.618349
146 292 0.800512
59 690 0.919915
50 612 0.769337
72 321 0.784769
185 303 0.548882
171 36 0.606189
99 636 0.656312
147 705 0.866704
179 603 0.656312
151 567 0.618349
12 446 0.866704
90 199 0.559893
116 567 0.606189
68 327 0.710581
19 276 0.696607
53 368 0.800512
148 791 0.919915
184 604 0.656312
9 749 0.517133
177 652 0.582581
15 352 0.643406
17 117 0.800512
80 1001 0.582581
60 330 0.669478
121 360 0.739375
74 466 0.938369
45 276 0.594268
88 438 0.769337
96 596 0.784769
