2547
419 246 1.63664
34 34 1.77197
201 201 1.60446
690 690 1.73713
455 455 1.63664
326 646 1.80752
400 690 1.84378
514 156 1.91849
202 573 1.63664
135 135 1.77197
430 90 1.73713
202 29 1.63664
509 509 1.60446
430 726 1.57291
646 925 1.57291
40 877 1.70296
701 302 1.70296
202 646 1.66947
690 400 1.57291
246 246 1.70296
646 646 1.73713
699 699 1.73713
90 90 1.70296
573 925 1.70296
322 545 1.99623
738 738 1.73713
43 43 1.66947
335 246 1.70296
791 791 1.63664
646 573 1.60446
374 374 1.66947
939 939 1.80752
542 29 1.73713
847 162 1.91849
43 838 1.42421
105 105 1.66947
400 400 1.70296
678 577 1.84378
925 201 1.77197
277 277 1.70296
156 156 1.80752
925 202 1.77197
998 509 1.63664
555 555 1.60446
573 646 1.80752
647 647 1.73713
701 220 1.73713
201 398 1.54197
791 877 1.54197
188 270 1.77197
212 555 1.57291
305 374 1.66947
987 987 1.60446
201 925 1.63664
161 161 1.77197
388 380 1.73713
326 573 1.66947
197 197 1.63664
792 374 1.80752
270 270 1.77197
877 791 1.73713
313 313 1.73713
29 29 1.77197
538 538 1.66947
720 313 1.70296
573 573 1.66947
396 396 1.66947
438 839 1.73713
542 573 1.70296
437 545 2.11879
614 614 1.63664
326 326 1.80752
596 596 1.80752
577 577 1.88076
465 158 1.84378
908 908 1.66947
430 430 1.63664
465 465 1.70296
3 3 1.66947
809 190 1.77197
644 644 1.77197
766 758 1.73713
418 418 1.70296
644 545 1.80752
40 514 1.57291
755 978 1.80752
474 474 1.70296
877 877 1.63664
681 681 1.70296
578 739 1.60446
133 921 1.84378
935 935 1.84378
313 121 1.66947
969 969 1.70296
939 950 1.84378
545 545 1.77197
915 915 1.80752
538 705 1.63664
465 565 1.80752
943 374 1.73713
342 342 1.63664
950 380 1.77197
347 596 1.80752
750 12 1.66947
939 376 1.80752
921 161 1.88076
827 950 1.73713
545 742 1.66947
419 419 1.70296
827 827 1.77197
935 474 1.63664
0 419 1.73713
742 608 1.26421
158 158 1.77197
126 90 1.84378
162 188 1.63664
388 388 1.70296
547 538 1.77197
358 738 1.77197
742 742 1.57291
197 324 1.57291
401 401 1.60446
925 925 1.70296
175 175 1.70296
205 205 1.60446
608 270 1.99623
834 16 1.54197
47 735 1.70296
162 162 1.70296
139 915 1.88076
735 735 1.70296
415 415 1.80752
464 464 1.84378
208 555 1.84378
950 950 1.77197
644 398 1.57291
773 302 1.70296
950 388 1.73713
95 950 1.77197
412 892 1.99623
342 741 1.84378
677 677 1.80752
890 742 1.77197
158 565 1.77197
189 189 1.57291
29 838 1.48192
388 950 1.73713
190 190 1.70296
854 12 1.66947
565 565 1.73713
678 678 1.66947
827 939 1.73713
742 270 1.60446
791 466 1.51165
854 750 1.73713
415 465 1.77197
358 358 1.73713
596 103 1.63664
162 545 1.77197
521 521 1.66947
701 701 1.66947
890 545 1.84378
262 921 1.88076
175 608 1.63664
741 741 1.60446
3 149 1.60446
255 875 1.63664
12 12 1.73713
705 538 1.80752
637 260 1.60446
398 202 1.80752
144 144 1.60446
255 144 1.54197
227 464 1.80752
213 877 1.73713
419 809 1.66947
730 730 1.57291
766 965 1.57291
401 269 1.57291
457 501 1.73713
132 647 1.84378
133 466 1.77197
270 608 1.3962
77 156 1.91849
369 969 1.77197
545 97 1.45278
296 596 1.84378
814 161 2.03628
750 750 1.73713
40 40 1.60446
422 735 1.77197
12 565 1.84378
921 921 1.73713
0 809 1.70296
565 324 1.42421
20 20 1.63664
755 755 1.63664
482 482 1.66947
705 705 1.77197
825 825 1.66947
95 388 1.73713
32 32 1.60446
189 875 1.63664
415 911 1.73713
759 839 1.80752
809 809 1.80752
798 798 1.60446
149 3 1.80752
434 43 1.91849
107 107 1.66947
149 149 1.73713
875 875 1.66947
188 542 1.63664
514 514 1.80752
255 255 1.66947
501 501 1.70296
177 177 1.63664
739 739 1.73713
193 193 1.60446
726 726 1.66947
978 726 1.66947
193 545 1.60446
90 466 1.63664
995 995 1.60446
193 742 1.54197
175 51 1.63664
992 992 1.60446
648 717 1.57291
325 943 1.48192
904 904 1.73713
648 648 1.54197
622 103 1.57291
212 212 1.77197
648 750 1.66947
642 197 1.88076
156 877 1.84378
750 648 1.60446
855 396 1.77197
246 773 1.66947
926 648 1.73713
121 811 1.88076
179 179 1.73713
376 376 1.80752
161 269 1.63664
992 296 1.45278
930 930 1.66947
577 255 1.70296
734 121 1.91849
380 380 1.80752
987 39 1.73713
875 144 1.57291
926 483 1.45278
213 213 1.63664
969 369 1.51165
734 811 1.95698
758 758 1.77197
922 922 1.70296
376 735 1.80752
985 758 1.80752
596 547 1.77197
6 6 1.60446
814 622 1.73713
412 560 1.77197
95 95 1.60446
555 921 1.80752
518 313 2.03628
457 457 1.63664
998 998 1.60446
220 220 1.73713
854 854 1.48192
940 39 1.73713
943 103 1.63664
717 717 1.70296
902 902 1.70296
780 798 1.70296
429 260 1.51165
798 780 1.57291
48 103 1.73713
720 508 1.66947
133 133 1.63664
916 916 1.73713
757 190 1.80752
401 429 1.48192
20 50 1.66947
811 313 1.70296
347 547 1.77197
522 614 1.77197
190 809 1.73713
847 847 1.60446
380 388 1.80752
678 917 1.57291
908 847 1.60446
768 521 1.80752
614 235 1.36875
977 977 1.66947
969 325 1.57291
890 890 1.57291
184 779 1.80752
262 262 1.63664
577 992 1.63664
428 428 1.73713
630 202 2.29399
47 422 1.63664
177 285 1.57291
875 255 1.70296
811 811 1.63664
889 779 1.80752
227 925 1.70296
735 363 1.57291
965 965 1.66947
735 422 1.63664
811 121 1.60446
324 324 1.70296
16 16 1.70296
263 565 2.29399
207 768 1.63664
726 921 1.84378
122 987 1.84378
521 768 1.63664
501 706 1.60446
246 809 1.77197
818 735 1.88076
259 259 1.66947
518 609 1.60446
325 325 1.54197
992 560 1.54197
313 811 1.70296
877 40 1.54197
262 755 1.77197
508 508 1.77197
188 838 1.45278
18 965 1.77197
442 442 1.66947
474 342 1.91849
978 978 1.80752
442 825 1.60446
322 322 1.70296
787 555 1.80752
47 47 1.60446
302 302 1.84378
358 995 1.60446
744 577 2.20465
265 265 1.70296
0 0 1.63664
911 911 1.66947
555 260 1.42421
107 940 1.57291
989 989 1.77197
483 467 1.77197
501 181 1.28957
892 892 1.66947
951 577 2.1613
438 438 1.73713
367 677 2.03628
547 667 1.57291
721 721 1.66947
515 380 1.91849
904 989 1.66947
161 429 1.54197
576 950 1.99623
915 139 1.70296
797 705 1.91849
206 779 1.77197
177 612 1.51165
422 422 1.70296
121 121 1.80752
97 259 1.63664
50 50 1.66947
962 962 1.73713
39 39 1.66947
647 40 1.57291
955 773 1.73713
681 989 1.60446
635 635 1.77197
726 875 1.77197
933 429 1.80752
602 768 1.80752
355 355 1.63664
296 467 1.84378
68 68 1.63664
982 982 1.80752
213 514 1.60446
374 667 1.66947
494 494 1.73713
2 2 1.57291
773 773 1.77197
200 230 1.95698
889 889 1.70296
369 369 1.54197
515 388 1.88076
658 658 1.77197
565 79 1.70296
637 637 1.80752
32 615 1.51165
441 780 1.54197
677 494 1.63664
835 908 1.84378
689 689 1.54197
56 386 1.54197
322 437 1.66947
987 940 1.51165
922 442 1.63664
847 835 1.54197
546 376 1.70296
422 363 1.63664
908 835 1.51165
253 995 1.66947
412 412 1.66947
420 420 1.57291
933 933 1.73713
479 773 1.84378
172 220 1.80752
758 494 1.63664
687 687 1.73713
921 133 1.54197
780 780 1.63664
532 659 1.63664
139 139 1.73713
511 260 1.48192
376 363 1.66947
635 766 1.57291
83 83 1.73713
522 522 1.66947
441 441 1.66947
659 363 1.77197
126 430 1.66947
230 230 1.63664
325 814 1.45278
771 771 1.66947
364 364 1.63664
912 942 1.73713
429 429 1.73713
97 97 1.70296
965 923 1.57291
269 269 1.77197
146 917 1.84378
600 107 1.80752
768 768 1.73713
622 369 1.57291
495 768 1.73713
755 486 1.57291
146 296 1.70296
154 555 1.99623
316 264 1.70296
954 658 1.80752
398 542 1.84378
189 560 1.54197
267 158 2.1613
158 642 1.3962
468 623 1.57291
848 579 1.99623
12 855 1.60446
554 554 1.77197
227 398 1.63664
917 917 1.63664
929 376 1.95698
103 103 1.84378
236 161 2.20465
917 296 1.54197
516 658 1.80752
976 976 1.63664
982 951 1.60446
437 322 1.80752
978 755 1.66947
940 940 1.63664
433 179 1.63664
64 64 1.63664
56 56 1.60446
610 265 1.84378
558 6 1.88076
916 755 1.70296
420 355 1.48192
466 466 1.84378
360 360 1.60446
699 587 1.45278
642 428 1.88076
235 494 1.73713
779 779 1.77197
351 351 1.60446
721 940 1.57291
667 667 1.66947
432 432 1.66947
898 898 1.70296
171 985 1.84378
468 468 1.57291
532 532 1.63664
985 923 1.57291
559 559 1.70296
488 488 1.73713
146 623 1.77197
278 511 1.66947
396 664 1.54197
467 467 1.88076
818 422 1.80752
208 260 1.66947
816 268 1.70296
434 838 1.66947
559 554 1.77197
29 558 1.70296
156 40 1.73713
815 815 1.66947
362 969 1.99623
207 207 1.57291
386 386 1.66947
223 223 1.91849
494 235 1.54197
647 285 1.48192
674 674 1.66947
664 296 1.57291
511 511 1.70296
21 146 1.80752
88 88 1.66947
206 325 1.80752
816 816 1.66947
943 369 1.63664
659 532 1.77197
26 483 1.70296
79 79 1.73713
37 857 1.73713
663 663 1.70296
348 399 1.73713
39 355 1.63664
215 117 1.66947
734 734 1.66947
863 468 1.63664
608 608 1.60446
699 184 1.42421
659 659 1.77197
514 10 1.66947
608 175 1.63664
347 347 1.63664
296 296 1.63664
867 270 2.34001
128 271 1.77197
858 265 1.84378
335 57 1.60446
494 367 1.60446
291 622 1.88076
384 965 1.84378
804 107 2.11879
801 892 1.80752
579 285 1.51165
360 576 1.57291
264 158 2.20465
658 852 1.60446
902 281 1.54197
230 855 1.66947
437 437 1.77197
771 675 1.60446
77 213 1.80752
356 438 1.80752
714 714 1.77197
623 623 1.66947
271 271 1.66947
56 551 1.51165
286 923 1.77197
260 260 1.66947
953 953 1.70296
26 313 2.24888
792 792 1.66947
457 163 1.3962
367 205 1.80752
989 383 1.63664
857 857 1.70296
298 511 1.77197
863 863 1.57291
396 486 1.54197
779 889 1.66947
693 372 1.70296
220 943 1.73713
900 623 1.66947
961 363 1.80752
305 305 1.60446
674 728 1.57291
515 515 1.73713
631 895 1.66947
706 706 1.77197
919 919 1.66947
418 176 1.26421
398 838 1.63664
951 255 1.95698
74 202 2.53349
977 689 1.70296
273 117 1.70296
185 535 1.45278
215 215 1.66947
198 735 2.11879
486 855 1.70296
464 210 1.3962
810 47 1.80752
302 773 1.91849
521 452 1.51165
926 926 1.63664
511 133 1.66947
633 633 1.73713
134 670 1.77197
896 372 1.80752
272 527 1.95698
516 639 1.73713
22 811 2.20465
159 213 1.84378
263 158 2.29399
124 260 1.66947
446 103 1.84378
894 542 1.95698
930 653 1.48192
855 855 1.70296
837 771 1.70296
902 675 1.51165
572 572 1.70296
488 281 1.66947
48 48 1.66947
547 858 1.42421
933 10 1.66947
631 631 1.66947
700 663 1.77197
428 602 1.57291
756 386 1.80752
4 4 1.73713
529 230 1.70296
771 828 1.57291
451 596 2.07713
505 268 1.80752
986 490 1.57291
273 273 1.60446
768 207 1.63664
940 828 1.54197
117 117 1.73713
976 546 1.63664
82 777 1.66947
452 76 1.54197
185 185 1.57291
479 511 1.84378
363 422 1.91849
467 296 1.70296
305 128 1.57291
889 82 1.73713
602 602 1.63664
805 962 1.77197
835 847 1.73713
664 143 1.63664
386 675 1.63664
746 877 2.07713
25 25 1.70296
567 705 2.20465
770 4 1.73713
784 2 1.63664
235 235 1.57291
452 452 1.54197
172 260 1.66947
986 911 2.1613
428 495 1.60446
61 61 1.70296
37 763 1.70296
249 267 1.70296
435 435 1.70296
433 164 1.77197
633 689 1.70296
269 129 1.57291
560 0 1.77197
519 519 1.66947
720 518 1.34183
664 664 1.60446
795 438 1.88076
951 951 1.66947
57 57 1.66947
760 360 1.77197
686 265 1.91849
335 335 1.57291
559 295 1.63664
571 571 1.77197
355 14 1.21498
164 164 1.70296
828 890 1.84378
505 816 1.77197
689 575 1.3962
579 858 1.45278
895 895 1.73713
707 161 2.34001
561 561 1.73713
783 783 1.73713
2 526 1.45278
721 828 1.51165
965 18 1.51165
639 658 1.95698
210 210 1.66947
232 487 1.66947
942 942 1.66947
623 900 1.63664
974 576 1.66947
546 976 1.77197
298 133 1.73713
974 961 1.66947
129 129 1.66947
475 475 1.60446
278 278 1.63664
291 547 1.91849
434 434 1.57291
159 796 1.66947
267 267 1.66947
929 929 1.73713
544 544 1.66947
900 900 1.63664
942 911 1.95698
602 495 1.66947
491 267 1.60446
814 814 1.63664
420 600 1.73713
41 41 1.80752
955 429 1.73713
18 384 1.63664
834 286 1.66947
982 486 1.66947
18 18 1.57291
363 989 1.84378
220 325 1.88076
360 760 1.48192
519 731 1.63664
268 268 1.73713
235 367 1.60446
790 921 2.20465
88 330 1.57291
785 300 1.80752
103 369 1.84378
286 834 1.73713
22 121 2.1613
751 321 1.88076
576 576 1.73713
779 792 1.70296
82 82 1.70296
675 386 1.70296
560 560 1.66947
895 631 1.70296
985 18 1.51165
948 948 1.66947
763 857 1.77197
380 55 1.36875
860 64 1.73713
563 563 1.66947
598 889 1.73713
991 855 1.80752
362 623 1.80752
923 923 1.77197
576 961 1.73713
516 516 1.60446
929 468 1.70296
495 602 1.60446
579 240 1.42421
897 811 2.1613
60 39 1.95698
260 133 1.84378
81 81 1.70296
609 609 1.80752
102 102 1.73713
207 764 1.45278
57 335 1.66947
519 480 1.66947
228 755 1.95698
179 974 1.45278
777 777 1.66947
160 320 1.60446
892 475 1.45278
954 516 1.60446
711 985 1.99623
283 467 2.1613
759 45 1.57291
879 147 1.57291
809 254 1.51165
203 39 1.91849
773 955 1.73713
330 401 2.03628
955 955 1.70296
280 325 1.77197
298 298 1.70296
722 670 1.73713
893 609 1.73713
151 515 1.91849
260 429 1.88076
766 724 1.31544
345 197 2.11879
894 838 1.73713
379 658 1.99623
879 879 1.66947
356 615 1.66947
912 912 1.70296
529 164 1.77197
667 858 1.51165
936 40 1.84378
693 143 1.77197
774 857 1.73713
226 860 1.66947
495 495 1.60446
835 835 1.66947
797 797 1.63664
163 163 1.70296
394 394 1.73713
858 900 1.66947
961 961 1.70296
145 264 1.84378
837 837 1.63664
834 834 1.66947
801 801 1.70296
486 486 1.63664
138 647 2.34001
663 923 1.77197
973 68 1.88076
710 710 1.66947
598 598 1.80752
16 623 1.88076
757 757 1.63664
594 921 2.1613
230 693 1.45278
675 56 1.88076
272 746 1.91849
265 686 1.48192
961 576 1.70296
658 954 1.57291
204 204 1.73713
725 725 1.63664
223 516 1.70296
171 923 1.77197
128 128 1.80752
795 273 1.70296
600 734 1.63664
796 796 1.84378
615 615 1.70296
212 475 1.51165
327 58 1.42421
839 133 1.80752
936 936 1.80752
327 327 1.63664
273 685 1.51165
570 570 1.70296
37 37 1.70296
838 542 2.07713
923 900 1.73713
539 81 1.73713
372 635 1.99623
383 383 1.73713
232 653 1.80752
623 858 1.57291
722 129 1.66947
443 936 1.80752
777 82 1.70296
79 680 1.60446
756 756 1.70296
639 639 1.88076
904 810 1.48192
367 367 1.66947
267 264 1.70296
667 240 1.48192
181 706 2.03628
184 184 1.63664
381 381 1.66947
408 878 1.60446
900 858 1.57291
625 901 1.70296
331 816 1.77197
143 561 1.77197
200 226 1.80752
300 962 1.73713
170 230 1.80752
71 522 1.95698
857 37 1.66947
502 320 1.73713
181 181 1.60446
458 538 2.29399
784 784 1.54197
172 325 1.91849
546 546 1.73713
286 610 1.63664
584 692 1.60446
1000 268 1.99623
954 954 1.60446
976 170 1.36875
486 964 1.60446
143 143 1.77197
759 759 1.57291
331 711 1.73713
32 582 1.36875
818 818 1.60446
994 0 1.73713
700 623 1.84378
154 260 1.80752
508 899 1.45278
839 933 1.77197
663 900 1.73713
205 553 1.19108
143 664 1.73713
625 625 1.70296
237 965 2.03628
45 45 1.66947
405 405 1.70296
578 578 1.57291
964 664 1.73713
160 519 1.73713
586 327 1.70296
796 943 1.99623
438 184 1.48192
896 76 1.84378
76 76 1.77197
795 795 1.60446
334 705 2.24888
372 372 1.80752
46 566 1.73713
179 116 1.45278
82 788 1.63664
17 527 1.70296
930 1 1.36875
674 525 1.66947
368 368 1.84378
974 974 1.57291
132 788 1.54197
258 855 1.91849
295 295 1.66947
680 757 1.70296
816 505 1.51165
446 446 1.95698
292 943 1.91849
14 281 1.77197
637 172 1.42421
828 675 1.70296
76 452 1.77197
433 433 1.66947
497 612 1.63664
592 531 1.84378
878 878 1.66947
610 610 1.57291
160 160 1.77197
1000 1000 1.66947
79 329 1.66947
625 169 1.73713
785 206 1.73713
384 384 1.63664
564 847 1.88076
60 940 1.84378
693 693 1.57291
584 584 1.70296
774 763 1.70296
520 520 1.66947
600 600 1.63664
408 408 1.60446
784 526 1.51165
174 174 1.77197
53 128 1.73713
356 356 1.63664
443 285 1.73713
719 305 1.80752
17 17 1.66947
384 18 1.63664
327 760 1.63664
615 746 1.57291
423 423 1.66947
148 837 1.66947
610 686 1.60446
319 319 1.73713
763 763 1.70296
633 632 1.57291
464 227 1.57291
299 265 2.29399
351 724 1.48192
562 313 2.43483
543 376 2.24888
409 842 1.95698
657 521 2.1613
989 618 1.51165
125 566 1.84378
68 169 1.34183
752 422 2.07713
387 685 1.57291
64 610 1.60446
760 760 1.63664
117 497 1.60446
316 316 1.57291
264 264 1.73713
566 566 1.77197
294 294 1.63664
785 785 1.73713
788 889 1.77197
429 208 1.48192
919 412 1.66947
64 848 1.60446
670 670 1.77197
590 68 2.07713
16 320 1.60446
711 372 1.84378
548 571 1.99623
842 842 1.84378
680 680 1.66947
675 675 1.77197
348 692 1.73713
838 838 1.84378
653 757 1.73713
562 609 1.91849
719 128 1.77197
122 122 1.60446
598 82 1.77197
483 184 1.48192
284 284 1.73713
9 10 1.91849
581 581 1.77197
108 291 1.63664
852 852 1.88076
363 383 1.70296
518 518 1.60446
148 148 1.66947
828 828 1.66947
291 291 1.63664
439 439 1.66947
560 475 1.60446
700 900 1.80752
787 637 1.84378
240 285 1.77197
792 941 1.57291
132 132 1.48192
867 608 1.84378
140 623 1.88076
878 408 1.70296
480 519 1.73713
558 558 1.63664
535 535 1.73713
4 731 1.54197
864 735 2.29399
308 609 1.88076
988 988 1.60446
154 154 1.73713
823 823 1.66947
198 561 1.88076
45 759 1.70296
695 695 1.60446
523 699 2.20465
502 519 1.88076
226 226 1.73713
858 240 1.63664
668 472 1.66947
27 615 1.80752
294 154 1.66947
842 321 1.77197
561 198 1.60446
118 782 1.99623
497 497 1.63664
723 424 1.51165
329 757 1.70296
219 731 1.57291
777 788 1.63664
472 321 1.88076
237 923 1.88076
210 227 1.88076
214 320 1.54197
330 664 1.80752
936 443 1.66947
826 826 1.60446
962 805 1.66947
526 2 1.84378
176 418 2.38695
120 108 1.63664
912 651 1.60446
691 808 1.70296
763 37 1.70296
964 964 1.70296
321 321 1.77197
290 381 1.77197
505 505 1.60446
399 399 1.60446
899 518 1.70296
776 776 1.77197
443 443 1.66947
90 707 1.26421
496 496 1.77197
280 280 1.63664
102 525 1.80752
764 764 1.63664
927 927 1.70296
863 819 1.54197
76 686 1.70296
252 252 1.73713
934 128 1.77197
483 564 1.48192
92 305 1.84378
918 58 1.54197
117 42 1.54197
803 803 1.73713
269 722 1.57291
194 194 1.73713
24 988 1.73713
870 58 1.54197
774 37 1.63664
451 623 1.91849
653 653 1.70296
680 329 1.66947
53 92 1.66947
564 835 1.80752
980 147 1.70296
45 292 1.60446
211 863 1.77197
980 879 1.80752
134 134 1.54197
587 451 1.84378
372 143 1.88076
329 680 1.57291
541 623 1.91849
449 879 1.80752
553 81 1.80752
594 133 1.91849
476 811 2.43483
614 671 1.1447
527 45 1.80752
411 107 2.1613
129 124 1.63664
746 45 1.73713
572 403 1.45278
239 535 1.70296
51 51 1.84378
956 633 2.03628
226 899 1.66947
368 520 1.73713
810 198 1.57291
994 994 1.73713
480 480 1.73713
473 602 1.95698
381 316 1.70296
108 108 1.63664
810 810 1.57291
13 13 1.73713
164 170 1.48192
159 159 1.66947
770 770 1.57291
72 404 1.63664
991 991 1.60446
808 808 1.73713
487 487 1.66947
330 330 1.77197
497 42 1.57291
535 222 1.70296
612 612 1.80752
628 628 1.73713
660 102 1.80752
632 632 1.66947
42 612 1.77197
281 281 1.80752
657 768 2.11879
368 975 1.73713
151 151 1.66947
856 215 1.95698
788 777 1.77197
651 651 1.66947
917 947 1.34183
164 529 1.54197
224 224 1.80752
686 686 1.66947
472 472 1.84378
752 940 1.95698
941 504 1.63664
479 479 1.66947
144 36 1.34183
219 219 1.60446
575 575 1.66947
337 197 2.20465
321 472 1.73713
711 711 1.88076
744 744 1.66947
77 77 1.66947
513 1001 1.77197
849 849 1.80752
426 504 1.60446
75 285 1.88076
506 506 1.57291
891 51 1.88076
147 147 1.66947
111 111 1.66947
851 459 1.54197
618 609 1.91849
870 906 1.60446
215 75 1.45278
180 180 1.66947
617 617 1.57291
463 645 1.54197
96 96 1.66947
537 405 1.80752
871 674 1.77197
8 432 1.70296
254 254 1.63664
724 519 1.80752
728 728 1.80752
590 628 1.77197
740 740 1.73713
439 772 1.60446
92 128 1.80752
427 863 1.84378
350 943 1.99623
306 306 1.60446
839 594 1.66947
310 310 1.84378
408 567 1.51165
722 722 1.66947
329 329 1.70296
459 459 1.54197
957 957 1.70296
572 250 1.48192
772 439 1.77197
552 394 1.91849
426 968 1.63664
767 923 1.95698
934 92 1.70296
676 281 1.91849
525 792 1.84378
451 451 1.88076
263 263 1.84378
728 102 1.80752
563 826 1.91849
411 39 2.11879
860 860 1.63664
219 120 1.66947
551 551 1.73713
686 42 1.60446
527 746 1.77197
280 787 1.57291
138 598 2.1613
292 82 1.84378
528 254 1.70296
240 240 1.66947
802 802 1.66947
1001 551 1.88076
249 249 1.77197
746 746 1.70296
947 296 1.95698
274 274 1.73713
612 497 1.80752
947 917 2.07713
896 896 1.70296
42 497 1.77197
404 404 1.63664
240 686 1.70296
751 751 1.70296
183 205 2.1613
941 426 1.63664
293 51 2.03628
897 897 1.70296
266 147 1.73713
582 117 2.03628
948 947 1.3962
899 899 1.66947
724 731 1.77197
319 203 1.51165
529 529 1.63664
362 362 1.63664
923 171 1.60446
206 206 1.63664
878 567 1.63664
893 980 1.51165
208 208 1.63664
796 159 1.84378
899 947 1.54197
343 343 1.77197
513 513 1.73713
285 900 1.91849
870 870 1.63664
125 125 1.66947
533 736 1.73713
478 733 1.48192
891 891 1.73713
767 561 1.95698
739 528 1.63664
901 587 1.70296
196 196 1.77197
73 669 1.66947
941 941 1.63664
214 587 1.66947
282 651 1.84378
566 125 1.60446
526 784 1.73713
123 76 1.88076
292 292 1.70296
685 685 1.73713
986 986 1.63664
199 352 1.66947
134 53 1.42421
55 147 1.66947
71 71 1.73713
859 408 1.70296
92 92 1.73713
285 285 1.91849
115 115 1.60446
72 72 1.60446
9 251 1.70296
409 594 1.84378
318 953 2.29399
968 968 1.66947
49 49 1.63664
490 264 1.95698
894 894 1.54197
108 198 1.66947
236 236 1.66947
751 75 1.77197
532 806 1.26421
697 281 2.1613
49 184 1.63664
551 912 1.84378
276 276 1.70296
612 42 1.73713
850 390 1.66947
288 802 1.70296
797 952 1.45278
599 599 1.66947
290 316 1.73713
387 617 1.51165
491 642 1.73713
942 651 1.63664
346 788 1.77197
171 171 1.60446
124 124 1.66947
10 661 1.70296
284 896 1.60446
129 805 1.66947
661 661 1.77197
575 605 1.60446
96 722 1.63664
571 820 1.51165
42 42 1.70296
650 965 2.43483
228 787 1.73713
333 692 1.57291
927 60 1.60446
10 10 1.80752
234 320 1.66947
1001 1001 1.84378
984 504 1.66947
615 192 1.48192
756 752 1.51165
845 845 1.66947
660 660 1.73713
186 254 1.73713
536 536 1.80752
445 445 1.73713
538 299 1.16766
901 901 1.66947
848 848 1.73713
470 470 1.54197
587 587 1.73713
467 947 1.48192
304 58 1.63664
466 707 1.42421
526 526 1.70296
304 327 1.88076
692 399 1.66947
605 575 1.77197
314 314 1.73713
893 893 1.70296
302 479 1.73713
121 22 1.42421
790 594 1.80752
887 887 1.70296
512 81 1.99623
845 125 1.63664
281 196 1.73713
603 603 1.63664
984 968 1.70296
524 740 1.60446
802 722 1.73713
772 772 1.70296
478 824 1.54197
153 832 1.73713
209 320 1.70296
478 123 1.54197
743 992 2.53349
333 584 1.80752
198 198 1.73713
254 186 1.51165
584 333 1.54197
682 141 1.73713
805 805 1.70296
581 812 1.57291
214 214 1.63664
844 599 1.63664
724 724 1.77197
523 347 1.95698
470 15 1.54197
21 21 1.57291
191 191 1.70296
120 120 1.57291
410 399 1.84378
1 1 1.63664
81 553 1.63664
520 234 1.42421
55 55 1.66947
190 345 1.31544
851 851 1.51165
463 463 1.73713
488 704 1.3962
988 851 1.60446
228 228 1.66947
115 973 1.73713
788 788 1.73713
733 733 1.63664
802 288 1.66947
170 170 1.70296
736 736 1.80752
424 392 1.63664
787 787 1.66947
660 525 1.88076
173 360 2.11879
75 42 1.73713
504 504 1.70296
309 522 2.20465
352 352 1.70296
186 528 1.73713
13 211 1.63664
51 826 1.73713
284 123 1.57291
800 408 1.77197
691 67 1.57291
150 150 1.66947
830 518 2.1613
46 46 1.54197
181 894 1.63664
604 604 1.73713
975 320 1.70296
9 9 1.77197
820 820 1.63664
657 602 1.91849
778 778 1.73713
288 722 1.70296
557 661 1.80752
288 288 1.66947
1001 513 1.80752
861 861 1.63664
473 473 1.77197
300 300 1.63664
462 674 1.88076
118 118 1.70296
549 363 2.11879
694 694 1.70296
421 421 1.70296
116 116 1.63664
676 196 1.77197
715 13 1.77197
247 567 1.60446
883 883 1.70296
446 941 1.80752
506 275 1.48192
385 603 1.77197
120 748 1.60446
531 531 1.73713
594 594 1.77197
685 568 1.63664
186 186 1.57291
463 642 1.80752
587 140 1.70296
481 281 2.03628
387 387 1.51165
564 564 1.66947
522 309 1.31544
491 69 1.63664
24 851 1.63664
803 512 1.51165
359 249 1.63664
378 703 1.99623
670 134 1.60446
520 165 1.51165
800 604 1.77197
682 682 1.84378
556 519 1.80752
462 291 1.88076
275 275 1.60446
887 169 1.63664
719 719 1.57291
173 446 2.11879
251 661 1.77197
205 888 1.10012
334 760 1.88076
69 69 1.66947
670 819 1.51165
232 232 1.60446
346 636 1.63664
740 524 1.88076
583 211 1.63664
808 67 1.60446
507 507 1.60446
239 186 1.70296
209 519 1.84378
850 850 1.60446
586 586 1.57291
3 44 1.1447
147 141 1.73713
973 973 1.70296
556 160 1.84378
125 46 1.66947
650 364 2.20465
852 459 1.51165
290 290 1.60446
264 316 1.57291
140 140 1.70296
728 525 1.91849
58 58 1.66947
152 706 1.66947
426 984 1.54197
586 683 1.57291
285 240 1.80752
745 500 1.60446
58 327 1.91849
804 460 1.28957
504 426 1.70296
116 361 1.48192
153 13 1.73713
26 26 1.66947
507 361 1.48192
364 866 1.28957
192 40 2.20465
203 203 1.63664
713 599 1.63664
390 390 1.77197
789 421 1.63664
605 605 1.70296
859 859 1.63664
528 186 1.57291
727 472 1.88076
31 31 1.66947
568 568 1.66947
321 751 1.60446
997 997 1.70296
506 704 1.45278
427 660 1.77197
508 200 1.45278
859 567 1.63664
38 38 1.80752
265 299 1.28957
224 403 1.73713
640 519 1.84378
378 378 1.63664
346 346 1.57291
293 826 1.91849
407 407 1.57291
916 657 1.21498
812 812 1.63664
860 947 1.54197
116 507 1.60446
574 674 1.88076
567 567 1.66947
528 528 1.66947
275 704 1.57291
324 243 1.45278
613 408 1.80752
124 206 1.60446
268 308 1.3962
683 683 1.60446
337 264 1.99623
525 525 1.73713
583 153 1.66947
476 734 2.07713
466 353 1.31544
352 636 1.66947
383 868 1.48192
320 320 1.77197
743 602 2.29399
209 480 1.84378
561 700 1.42421
145 145 1.66947
754 851 1.57291
764 303 1.48192
469 422 2.34001
541 140 1.73713
968 984 1.57291
62 62 1.66947
871 625 1.66947
503 965 2.34001
211 819 1.70296
234 184 1.77197
672 965 2.34001
745 745 1.57291
499 499 1.73713
856 556 1.73713
601 601 1.73713
566 89 1.48192
880 576 2.11879
924 924 1.73713
27 27 1.60446
848 618 1.66947
723 723 1.54197
604 567 1.66947
403 601 1.84378
753 965 2.34001
636 636 1.73713
418 393 1.16766
200 200 1.63664
192 285 2.07713
748 120 1.63664
531 73 1.66947
27 907 1.57291
222 696 1.73713
211 211 1.73713
630 630 1.66947
945 945 1.66947
294 228 1.63664
310 553 1.66947
638 638 1.77197
548 820 1.70296
75 75 1.70296
619 181 1.84378
500 500 1.66947
196 444 1.63664
563 293 1.73713
73 73 1.66947
272 272 1.73713
122 671 1.31544
707 604 1.73713
379 851 1.60446
524 524 1.77197
130 613 1.70296
981 46 1.66947
222 896 1.80752
830 283 1.84378
187 187 1.63664
110 108 1.88076
63 230 1.80752
975 587 1.84378
937 123 1.84378
984 984 1.60446
149 44 1.23935
627 627 1.77197
176 176 1.77197
417 731 1.88076
84 854 2.11879
468 339 1.23935
242 887 1.73713
300 785 1.63664
282 282 1.70296
748 748 1.70296
366 366 1.63664
11 11 1.70296
169 887 1.77197
36 604 1.88076
696 495 2.11879
636 346 1.66947
846 115 1.70296
481 196 1.88076
109 109 1.66947
556 556 1.77197
712 712 1.73713
754 379 1.54197
887 427 1.66947
548 548 1.63664
348 348 1.63664
123 123 1.70296
567 36 1.60446
527 790 1.70296
765 58 1.80752
254 19 1.57291
355 100 1.16766
130 500 1.70296
391 425 1.3962
639 379 1.54197
535 478 1.54197
392 392 1.77197
199 199 1.54197
123 752 1.70296
723 918 1.45278
705 334 1.23935
52 125 1.77197
145 243 1.70296
833 759 1.91849
997 69 1.73713
453 384 1.99623
790 790 1.63664
248 174 2.07713
907 27 1.63664
502 502 1.60446
245 245 1.77197
907 907 1.60446
826 949 1.42421
553 553 1.73713
142 571 2.38695
975 214 1.80752
990 990 1.73713
19 19 1.54197
4 580 1.3962
504 984 1.63664
1000 308 1.60446
24 24 1.54197
649 649 1.63664
444 444 1.60446
640 640 1.80752
407 8 1.63664
22 22 1.63664
379 379 1.57291
855 258 1.36875
266 73 1.73713
101 101 1.57291
350 787 1.80752
30 30 1.77197
685 315 1.63664
238 422 2.38695
58 696 1.73713
804 804 1.73713
89 566 2.07713
487 232 1.60446
449 652 1.70296
10 9 1.66947
704 704 1.63664
557 346 1.73713
609 562 1.51165
393 683 1.60446
999 999 1.70296
500 745 1.63664
578 283 1.36875
772 881 1.57291
100 810 1.91849
613 613 1.73713
196 704 1.60446
308 505 1.84378
882 882 1.66947
251 251 1.66947
924 53 1.60446
41 543 1.48192
67 67 1.73713
241 313 2.68904
244 859 1.84378
417 901 1.88076
389 770 2.07713
331 127 1.48192
169 169 1.73713
244 567 1.84378
752 752 1.70296
333 333 1.70296
928 928 1.57291
919 59 1.42421
536 851 1.66947
391 127 1.36875
450 604 1.88076
234 234 1.60446
618 848 1.91849
403 403 1.70296
431 568 1.77197
241 720 2.53349
846 973 1.84378
568 315 1.66947
856 856 1.66947
945 283 1.63664
315 192 1.73713
789 789 1.66947
239 239 1.66947
692 692 1.66947
958 628 1.84378
487 586 1.63664
676 676 1.57291
533 533 1.70296
7 7 1.60446
498 498 1.73713
424 672 1.51165
604 36 1.63664
901 700 1.51165
503 576 2.1613
583 583 1.66947
957 853 1.51165
603 199 1.60446
283 283 1.70296
668 375 1.48192
781 781 1.60446
918 918 1.66947
776 853 1.51165
968 395 1.51165
952 952 1.70296
907 199 1.60446
813 13 1.88076
144 769 1.07849
582 582 1.77197
218 174 2.1613
352 199 1.60446
692 584 1.77197
643 106 1.60446
110 887 1.80752
634 625 1.88076
876 749 1.60446
830 830 1.73713
480 209 1.51165
167 744 1.88076
843 859 1.88076
947 947 1.70296
140 541 1.57291
824 824 1.77197
963 963 1.77197
153 153 1.70296
370 370 1.60446
715 813 1.66947
371 371 1.63664
707 707 1.60446
427 427 1.70296
824 850 1.73713
276 377 1.51165
320 214 1.88076
914 914 1.70296
683 448 1.54197
409 409 1.66947
761 761 1.70296
683 304 1.48192
731 731 1.77197
447 447 1.70296
669 528 1.95698
582 234 1.63664
937 478 1.80752
846 846 1.70296
17 272 1.48192
94 799 1.73713
448 683 1.70296
691 949 1.45278
44 781 1.57291
106 932 1.91849
891 293 1.66947
251 9 1.73713
243 243 1.63664
71 309 1.54197
261 261 1.63664
671 169 1.80752
440 440 1.63664
938 938 1.66947
237 237 1.60446
385 199 1.63664
964 258 1.45278
543 549 1.73713
999 87 1.60446
562 562 1.60446
450 567 1.80752
315 315 1.73713
183 203 2.07713
303 303 1.63664
867 867 1.57291
28 427 1.80752
876 876 1.66947
838 867 1.57291
541 541 1.60446
170 350 1.63664
622 458 1.26421
523 523 1.73713
275 453 1.54197
399 333 1.66947
359 491 1.66947
931 914 1.73713
957 949 1.48192
403 30 1.88076
628 344 1.45278
754 754 1.48192
531 104 1.60446
801 200 1.36875
993 234 1.70296
669 470 1.84378
99 99 1.91849
776 949 1.48192
36 707 1.77197
222 478 1.70296
808 949 1.48192
452 168 1.23935
425 940 2.29399
293 293 1.73713
15 15 1.84378
73 104 1.60446
569 101 1.66947
574 819 1.80752
308 618 1.80752
638 840 1.66947
628 868 1.66947
283 830 1.57291
49 209 1.45278
662 636 1.84378
703 703 1.73713
731 219 1.80752
888 676 1.80752
100 618 1.80752
165 184 1.88076
36 36 1.73713
932 932 1.88076
184 662 1.3962
655 845 1.95698
231 515 2.34001
842 727 1.54197
169 427 1.70296
696 696 1.84378
70 70 1.70296
799 799 1.73713
549 549 1.73713
89 125 1.88076
48 458 1.3962
258 258 1.54197
456 251 1.73713
87 87 1.60446
739 643 1.45278
632 178 1.42421
832 832 1.70296
94 425 1.57291
673 432 1.80752
248 601 2.03628
924 934 1.60446
662 346 1.77197
868 868 1.77197
229 229 1.80752
192 192 1.80752
107 411 1.26421
55 643 1.60446
881 881 1.70296
127 512 1.77197
165 692 1.73713
52 101 1.73713
115 715 1.66947
956 956 1.54197
864 652 1.70296
13 715 1.63664
913 108 2.20465
806 806 1.84378
618 618 1.84378
697 626 1.95698
197 337 1.23935
112 344 1.42421
652 980 1.80752
731 120 1.84378
436 238 1.77197
74 74 1.66947
536 24 1.57291
59 59 1.70296
112 868 1.66947
51 949 1.54197
247 843 1.45278
806 19 1.95698
853 853 1.63664
70 407 1.77197
703 378 1.3962
431 315 1.77197
643 643 1.70296
931 931 1.70296
525 462 1.57291
530 120 1.48192
383 112 1.42421
540 540 1.66947
448 304 1.63664
909 553 1.77197
344 344 1.63664
44 44 1.63664
626 626 1.73713
767 767 1.63664
67 409 1.63664
258 960 1.45278
46 981 1.36875
359 359 1.70296
378 279 1.54197
871 871 1.63664
247 247 1.57291
447 436 1.63664
727 379 1.73713
456 9 1.80752
903 903 1.57291
569 569 1.60446
395 426 1.95698
155 390 1.99623
375 375 1.73713
473 178 1.63664
203 530 1.80752
440 256 1.57291
399 410 1.54197
345 345 1.73713
109 256 1.57291
702 952 1.80752
59 830 1.60446
853 727 1.60446
956 258 1.60446
629 614 2.68904
853 949 1.60446
672 733 1.95698
832 13 1.70296
67 949 1.60446
350 350 1.66947
850 183 1.48192
21 662 1.3962
157 157 1.66947
299 299 1.73713
603 385 1.51165
510 549 1.91849
549 543 1.73713
980 453 1.57291
39 607 1.21498
448 448 1.63664
70 8 1.80752
449 449 1.63664
543 543 1.70296
813 813 1.73713
972 163 1.95698
343 679 1.60446
28 28 1.63664
14 481 1.3962
104 104 1.70296
165 460 1.63664
665 665 1.63664
393 393 1.57291
732 853 1.66947
800 800 1.60446
905 905 1.70296
862 75 1.91849
8 8 1.77197
217 676 1.73713
668 668 1.48192
127 127 1.70296
747 748 1.91849
460 460 1.66947
642 337 1.31544
517 953 2.58432
580 731 2.03628
879 337 1.3962
641 618 1.91849
101 52 1.45278
593 426 1.99623
119 364 2.29399
462 462 1.66947
174 248 1.48192
962 93 0.816684
89 89 1.80752
552 552 1.54197
252 972 1.36875
385 385 1.54197
377 116 1.99623
794 794 1.70296
713 713 1.63664
733 517 1.19108
909 909 1.77197
616 625 2.20465
715 715 1.66947
436 672 1.73713
981 981 1.54197
716 731 1.99623
436 436 1.73713
568 431 1.57291
819 819 1.77197
216 73 2.11879
454 881 1.80752
640 209 1.60446
733 318 1.42421
320 502 1.63664
242 242 1.63664
63 170 1.70296
862 856 1.88076
489 489 1.80752
539 650 1.34183
844 844 1.60446
72 469 1.34183
142 290 1.99623
981 52 1.51165
406 406 1.73713
299 334 1.70296
817 410 1.60446
456 456 1.73713
510 237 1.80752
472 668 1.57291
318 309 1.73713
906 906 1.84378
727 727 1.66947
655 379 1.84378
765 918 1.95698
845 655 1.42421
624 624 1.73713
906 870 1.88076
256 256 1.66947
743 743 1.70296
150 453 1.42421
840 840 1.84378
317 378 2.03628
458 334 1.57291
410 410 1.73713
238 752 1.95698
334 334 1.57291
354 625 2.07713
613 247 1.57291
297 99 2.03628
580 625 2.03628
99 297 1.77197
671 767 1.70296
569 52 1.54197
588 238 1.88076
244 244 1.63664
101 737 1.42421
87 248 1.51165
749 876 1.70296
634 634 1.63664
620 870 1.91849
806 345 1.91849
389 389 1.73713
866 866 1.70296
749 749 1.63664
113 580 1.84378
281 241 1.48192
590 590 1.70296
852 312 1.51165
843 843 1.70296
953 607 1.31544
315 431 1.63664
706 152 1.73713
620 906 1.88076
713 844 1.57291
888 888 1.60446
11 218 1.3962
661 557 1.54197
868 112 1.70296
958 958 1.70296
946 946 1.60446
14 697 1.34183
450 450 1.66947
110 110 1.73713
753 237 1.84378
168 168 1.54197
499 831 1.60446
289 289 1.60446
131 332 1.70296
636 557 1.60446
112 112 1.66947
824 183 1.60446
178 178 1.66947
417 417 1.66947
183 183 1.63664
673 642 2.11879
276 80 1.45278
391 411 1.57291
920 642 2.11879
390 517 1.51165
353 707 1.88076
949 949 1.73713
127 183 1.63664
130 130 1.60446
460 871 1.77197
601 534 1.60446
843 244 1.66947
833 348 1.63664
970 813 2.1613
652 652 1.77197
557 557 1.57291
94 481 1.60446
805 93 0.816684
395 395 1.80752
271 93 0.833067
672 672 1.80752
661 589 1.1447
958 344 1.57291
671 671 1.70296
52 52 1.57291
178 946 1.66947
864 864 1.63664
813 715 1.73713
880 880 1.70296
737 101 1.88076
949 348 1.63664
588 672 1.84378
8 769 1.54197
634 354 1.57291
959 959 1.60446
769 769 1.70296
431 431 1.66947
601 873 1.54197
585 767 1.80752
460 716 1.54197
481 481 1.60446
357 748 2.03628
817 817 1.57291
416 416 1.73713
747 110 1.80752
993 732 1.66947
963 112 1.60446
534 534 1.66947
476 476 1.63664
868 257 1.63664
353 353 1.73713
697 697 1.63664
80 339 1.66947
765 765 1.70296
63 63 1.84378
80 365 1.73713
167 167 1.66947
279 279 1.80752
138 138 1.66947
641 671 1.80752
971 385 1.73713
530 530 1.73713
176 393 1.63664
732 732 1.66947
344 257 1.73713
217 258 1.73713
833 833 1.66947
85 339 1.66947
167 510 1.66947
993 993 1.70296
510 510 1.70296
339 339 1.63664
732 993 1.66947
913 28 1.95698
155 297 1.80752
410 817 1.66947
377 377 1.80752
216 104 1.99623
389 113 1.54197
425 425 1.73713
85 365 1.73713
949 833 1.66947
453 453 1.66947
173 173 1.60446
597 597 1.84378
471 832 1.77197
866 959 1.80752
881 454 1.54197
66 66 1.73713
888 697 1.60446
716 871 1.95698
963 257 1.57291
627 152 1.77197
580 580 1.84378
841 841 1.73713
365 339 1.70296
113 737 1.63664
461 461 1.63664
365 365 1.77197
113 113 1.63664
257 868 1.70296
782 182 0.957326
716 716 1.70296
257 344 1.51165
309 309 1.73713
354 634 1.80752
469 183 1.73713
458 458 1.54197
960 960 1.73713
589 800 1.73713
740 411 1.80752
377 66 1.63664
662 662 1.63664
163 886 1.31544
650 650 1.66947
589 247 1.70296
999 869 1.57291
655 655 1.66947
353 800 1.77197
297 297 1.88076
656 70 1.80752
180 869 1.45278
760 66 1.36875
454 454 1.63664
131 131 1.60446
619 619 1.70296
395 593 1.66947
702 131 1.60446
703 471 1.16766
832 715 1.63664
238 183 1.77197
248 248 1.70296
374 307 1.16766
357 114 1.57291
337 337 1.66947
93 769 1.77197
98 946 1.80752
279 619 1.77197
98 178 1.80752
944 944 1.73713
970 715 2.29399
142 142 1.70296
338 338 1.70296
339 80 1.63664
332 332 1.88076
307 244 1.73713
492 492 1.70296
971 593 1.66947
641 641 1.66947
287 287 1.66947
369 307 1.1447
365 80 1.66947
873 492 1.84378
862 862 1.66947
589 589 1.66947
530 257 1.36875
354 354 1.73713
218 218 1.70296
679 679 1.73713
312 312 1.73713
221 221 1.73713
80 80 1.63664
873 873 1.57291
616 354 1.84378
874 874 1.73713
166 166 1.73713
829 130 1.73713
297 114 1.60446
593 593 1.70296
606 606 1.70296
152 152 1.70296
737 593 1.70296
786 786 1.66947
492 873 1.51165
103 307 1.19108
233 344 1.60446
218 873 1.80752
402 402 1.84378
967 967 1.73713
909 629 1.54197
737 737 1.70296
972 972 1.77197
836 110 2.11879
595 595 1.66947
762 762 1.63664
946 98 1.48192
271 307 1.07849
344 913 1.3962
155 155 1.66947
869 248 1.70296
574 574 1.60446
307 80 1.73713
819 93 0.884213
257 257 1.66947
289 218 1.60446
93 93 1.77197
178 98 1.54197
317 317 1.63664
93 5 1.80752
332 131 1.77197
698 698 1.66947
673 673 1.73713
906 620 1.63664
84 574 1.70296
807 93 1.54197
669 910 1.51165
114 297 2.11879
920 673 1.73713
85 85 1.63664
157 397 1.51165
471 471 1.73713
764 702 1.26421
114 114 1.77197
840 595 1.57291
920 920 1.70296
869 869 1.73713
840 137 1.54197
84 84 1.57291
413 946 1.91849
137 595 1.66947
913 913 1.70296
979 979 1.80752
137 137 1.66947
5 5 1.73713
194 591 1.03648
817 971 1.12219
99 913 1.51165
35 874 2.38695
629 629 1.77197
718 93 1.60446
829 829 1.63664
656 93 1.57291
413 413 1.91849
469 469 1.66947
718 5 1.63664
33 80 1.80752
23 23 1.60446
166 920 1.77197
174 591 1.07849
620 620 1.63664
616 616 1.63664
702 702 1.54197
966 972 1.80752
157 654 1.57291
821 821 1.63664
681 753 0.9385
98 98 1.66947
339 307 1.54197
68 996 1.10012
233 574 1.57291
696 937 1.57291
937 937 1.57291
819 307 1.10012
373 373 1.80752
865 865 1.70296
102 33 1.1447
307 307 1.60446
287 611 1.70296
971 971 1.54197
30 591 1.10012
231 880 1.80752
128 33 1.10012
242 996 1.42421
684 684 1.73713
934 33 1.21498
807 656 1.70296
611 611 1.70296
593 971 1.57291
886 886 1.77197
996 874 1.88076
65 65 1.60446
656 656 1.70296
53 33 1.1447
517 996 1.66947
718 718 1.70296
332 702 1.70296
28 33 1.21498
5 718 1.80752
336 336 1.66947
539 35 1.21498
597 656 1.66947
966 886 1.48192
821 33 1.57291
81 35 1.10012
979 654 1.57291
553 35 1.1447
35 996 2.07713
411 411 1.60446
310 35 1.07849
87 65 0.97653
507 323 1.26421
233 233 1.60446
607 650 1.03648
65 591 1.70296
807 807 1.70296
688 688 1.73713
874 996 1.48192
340 886 1.54197
821 970 1.63664
597 807 1.66947
865 225 1.63664
328 328 1.70296
33 33 1.66947
666 666 1.77197
35 35 1.66947
747 747 1.70296
621 397 1.19108
970 970 1.57291
748 747 1.3962
477 477 1.66947
33 970 1.77197
585 35 1.31544
477 666 1.42421
471 485 0.849778
885 114 1.91849
349 349 1.70296
485 485 1.73713
973 357 1.19108
885 357 1.70296
485 715 3.21535
341 341 1.48192
884 35 1.42421
948 729 0.849778
304 304 1.63664
884 884 1.80752
485 53 3.15212
11 341 0.866825
966 966 1.73713
585 585 1.54197
30 341 0.9385
793 793 1.70296
885 885 1.66947
309 341 1.10012
684 301 1.42421
836 836 1.57291
570 836 1.19108
621 621 1.63664
357 357 1.60446
591 35 1.3962
349 799 6.9764
884 553 2.38695
41 864 1.3962
114 357 1.70296
301 301 1.70296
537 537 1.66947
729 729 1.73713
591 65 1.63664
340 340 1.80752
349 643 8.85401
588 588 1.57291
591 591 1.77197
709 793 1.3962
959 793 1.3962
225 225 1.73713
289 793 1.26421
953 793 0.920044
822 822 1.66947
217 217 1.57291
621 591 1.3962
66 760 2.07713
23 793 1.3962
194 341 0.920044
136 323 1.63664
319 793 0.866825
836 35 1.51165
793 183 2.24888
996 35 1.31544
729 948 3.15212
118 65 1.1447
932 349 0.368999
874 35 1.19108
872 872 1.77197
607 996 1.28957
729 917 3.21535
979 65 1.60446
996 996 1.63664
793 909 2.29399
136 775 1.80752
493 65 1.31544
382 382 1.66947
607 607 1.66947
910 910 1.73713
397 654 1.60446
119 119 1.77197
195 195 1.60446
231 231 1.63664
100 100 1.60446
182 65 1.54197
323 323 1.73713
195 319 2.74298
709 397 1.21498
654 654 1.57291
643 283 1.66947
753 753 1.57291
65 654 1.54197
106 643 1.91849
453 753 1.51165
512 654 1.3962
361 414 1.70296
397 397 1.57291
216 216 1.66947
106 106 1.77197
382 775 1.66947
654 397 1.60446
609 641 1.23935
323 775 1.91849
493 397 1.23935
932 643 1.88076
709 709 1.63664
714 654 1.07849
136 136 1.80752
323 765 2.03628
195 107 3.21535
361 549 1.88076
345 216 1.36875
512 397 1.31544
654 979 1.73713
397 979 1.88076
880 503 1.60446
361 361 1.77197
182 182 1.63664
119 517 1.80752
414 414 1.70296
503 503 1.63664
517 309 2.29399
414 283 1.80752
425 183 1.70296
714 397 1.03648
311 311 1.70296
629 553 2.03628
493 493 1.73713
775 775 1.63664
241 241 1.80752
182 979 1.70296
91 91 1.73713
