435
467 944 1.98814
469 946 1.98814
83 175 1.98814
482 983 1.98814
379 752 1.98814
167 322 1.98814
315 621 1.98814
153 301 1.98814
263 378 1.72984
160 309 1.98814
475 966 2.02806
401 813 1.98814
64 131 1.98814
214 416 1.98814
158 718 1.41796
407 697 1.949
173 332 1.98814
294 573 1.98814
414 836 1.98814
264 577 4.14871
324 646 1.98814
74 157 2.02806
180 341 1.98814
454 925 1.98814
319 629 1.98814
332 666 2.02806
209 348 1.36269
392 793 2.02806
225 434 2.02806
300 960 1.07346
13 30 1.98814
88 235 3.53866
79 164 1.98814
433 884 1.98814
248 477 1.98814
444 908 1.91064
370 303 2.02806
416 841 1.98814
413 724 1.69579
111 217 1.98814
155 303 1.98814
415 838 1.98814
203 81 3.14075
183 349 1.98814
109 101 1.50511
190 370 1.98814
211 413 1.98814
309 608 2.02806
354 702 1.98814
478 972 2.02806
461 934 1.98814
249 413 2.57449
41 98 1.98814
169 326 2.02806
16 35 1.98814
3 7 1.98814
204 398 2.02806
329 81 3.07893
129 252 1.98814
1 16 1.66241
426 869 1.98814
218 423 1.98814
253 483 1.949
473 959 1.98814
343 684 1.98814
229 647 2.1527
301 588 2.02806
380 432 2.42543
362 715 1.98814
419 850 2.02806
281 539 1.98814
12 29 1.98814
151 297 1.98814
207 403 1.98814
179 340 2.02806
423 866 1.98814
355 703 1.98814
6 16 1.949
470 952 1.98814
459 931 2.02806
15 32 1.98814
269 513 1.98814
4 11 1.98814
424 867 2.02806
171 328 1.98814
156 920 1.83616
56 120 1.98814
128 250 1.98814
86 180 1.98814
352 525 1.76458
302 591 1.98814
235 447 2.02806
48 108 1.98814
349 696 2.02806
84 178 1.98814
107 210 1.98814
480 81 2.78759
71 152 1.98814
298 579 1.98814
9 23 1.98814
175 859 2.1527
114 221 1.98814
270 435 4.67432
318 627 1.98814
150 291 1.98814
199 390 2.02806
360 709 2.06878
335 670 1.98814
30 93 1.91064
120 237 2.02806
62 127 2.02806
210 411 2.02806
152 859 2.11032
247 474 1.98814
258 492 1.98814
14 31 1.98814
73 156 1.98814
145 982 2.90066
297 875 2.285
291 558 1.98814
72 155 2.02806
406 822 1.98814
283 973 2.42543
132 258 1.98814
383 761 1.98814
391 792 1.98814
259 403 2.67892
321 641 1.98814
100 201 1.98814
345 688 1.98814
162 314 1.98814
390 791 1.98814
55 766 5.26652
400 812 1.98814
80 584 3.46901
438 896 1.98814
240 461 1.98814
431 877 1.98814
488 1001 1.98814
251 481 1.98814
316 622 2.02806
336 671 1.98814
53 715 2.62619
40 97 2.02806
382 756 1.98814
320 631 1.98814
133 259 1.98814
142 281 1.98814
201 394 2.02806
189 369 1.949
308 607 1.98814
448 914 1.98814
404 819 1.98814
54 118 1.98814
245 633 3.20382
290 555 1.98814
289 552 1.98814
386 778 1.98814
367 532 2.24002
442 903 2.02806
98 534 3.46901
452 921 2.02806
306 601 1.98814
311 611 1.98814
466 943 1.98814
326 650 1.98814
268 512 2.02806
348 694 2.02806
165 318 2.02806
127 248 1.98814
285 547 1.98814
34 87 1.98814
170 133 2.42543
313 619 2.02806
485 996 1.98814
112 218 2.02806
193 374 1.98814
445 909 1.98814
436 894 1.98814
333 667 1.98814
288 551 1.98814
278 534 1.98814
134 260 1.98814
317 626 1.98814
276 530 1.98814
44 103 1.98814
350 697 1.98814
472 955 1.98814
141 279 2.02806
338 675 1.98814
122 239 2.02806
118 227 1.98814
439 898 1.98814
159 308 1.98814
101 202 1.98814
42 100 1.98814
89 940 2.95891
221 427 1.98814
305 600 1.98814
434 886 2.02806
330 660 1.98814
274 524 2.02806
437 895 1.98814
462 935 1.98814
59 982 3.07893
261 496 2.02806
157 305 1.949
429 874 1.98814
146 287 1.98814
65 133 1.98814
23 56 2.02806
220 481 1.83616
208 406 2.02806
428 873 1.98814
411 828 1.98814
234 446 1.98814
456 927 1.98814
463 937 2.02806
243 466 2.02806
28 63 1.98814
166 319 1.98814
43 102 1.98814
279 535 2.02806
256 488 2.02806
213 415 2.02806
187 367 1.98814
236 408 1.98814
87 181 1.98814
177 337 1.98814
29 81 2.90066
477 969 1.98814
307 606 1.98814
194 715 2.62619
304 596 1.98814
427 681 3.07893
11 28 1.98814
164 317 2.02806
254 484 1.98814
244 468 1.98814
363 717 2.02806
116 224 1.98814
287 468 2.42543
178 338 2.02806
45 104 1.98814
51 114 1.98814
357 705 1.98814
483 986 1.98814
476 967 2.02806
280 538 1.98814
66 134 1.98814
60 124 1.98814
282 542 2.02806
148 289 2.02806
121 676 2.1527
206 401 2.02806
176 336 1.98814
192 373 2.02806
182 347 1.98814
31 71 1.98814
331 665 1.98814
52 115 1.98814
384 771 1.98814
195 378 1.98814
422 863 1.98814
342 682 1.949
233 445 1.98814
113 220 1.949
451 918 2.02806
322 147 1.949
241 464 1.98814
460 757 2.95891
119 235 1.98814
2 6 1.98814
32 73 1.98814
299 581 1.98814
215 418 1.98814
25 60 1.98814
8 22 1.98814
402 814 1.949
97 194 1.98814
265 506 1.98814
246 300 2.78759
58 122 1.98814
479 152 3.40072
252 482 1.98814
24 58 1.98814
123 977 2.78759
63 128 1.98814
327 651 1.98814
394 799 2.02806
81 172 1.949
314 948 3.07893
364 719 1.98814
369 730 1.98814
212 546 2.95891
377 333 3.26815
358 706 1.98814
425 868 1.98814
457 928 1.98814
387 780 1.98814
465 942 1.98814
95 191 1.98814
224 433 1.949
149 290 1.98814
78 163 1.98814
353 701 1.949
130 726 2.37769
368 726 1.98814
172 331 1.98814
124 243 1.98814
27 62 1.98814
137 269 2.02806
356 704 1.98814
417 736 2.37769
181 342 1.98814
227 436 2.02806
271 518 1.98814
334 842 2.37769
286 548 1.98814
361 714 1.98814
154 302 1.949
69 142 1.98814
68 141 1.98814
222 429 1.98814
275 892 3.07893
105 206 1.98814
92 188 1.98814
388 782 2.02806
19 47 2.02806
125 245 1.98814
232 444 1.98814
420 854 1.98814
267 511 1.98814
46 106 1.98814
22 53 1.98814
18 43 1.98814
397 804 1.98814
273 522 2.02806
250 479 1.98814
140 275 1.98814
359 708 1.98814
76 161 2.02806
50 112 1.98814
106 208 1.98814
393 798 1.98814
468 945 1.98814
486 999 1.98814
168 325 1.98814
163 316 1.98814
93 189 1.98814
375 741 1.98814
184 355 1.98814
26 61 1.98814
412 138 1.98814
458 929 1.98814
196 381 1.98814
323 644 1.98814
143 282 1.98814
255 486 1.98814
337 363 3.53866
82 174 1.98814
70 145 1.98814
35 90 1.98814
226 435 1.98814
49 111 1.949
61 126 1.98814
396 803 1.949
373 213 2.24002
138 270 2.02806
139 592 1.76458
435 890 1.98814
223 430 1.98814
36 708 1.87303
102 203 1.98814
131 255 2.02806
366 721 2.02806
260 494 1.98814
85 645 1.25852
197 386 1.98814
430 875 2.02806
77 162 1.98814
447 912 1.98814
104 205 1.98814
217 422 1.98814
67 139 1.949
144 283 1.98814
262 501 2.02806
405 820 1.98814
99 200 1.98814
284 545 1.98814
10 25 1.98814
239 457 1.98814
340 678 2.02806
455 926 1.98814
17 39 1.98814
94 190 1.98814
325 648 1.98814
440 899 1.98814
449 139 1.80001
266 508 2.02806
303 592 1.949
296 577 1.98814
136 266 1.949
443 383 3.14075
378 750 1.98814
464 940 1.98814
103 204 1.98814
7 560 2.42543
441 902 1.98814
471 953 1.98814
277 531 1.98814
347 693 2.02806
231 442 1.98814
376 742 2.02806
453 922 1.98814
200 391 1.98814
450 916 1.98814
372 735 2.02806
312 614 1.98814
96 193 1.98814
310 609 2.02806
117 226 1.98814
371 734 1.98814
487 1000 1.949
374 740 2.02806
381 755 1.98814
365 720 1.98814
481 982 1.98814
38 94 1.98814
47 107 1.98814
57 121 1.98814
339 677 1.98814
257 490 1.98814
408 825 1.98814
399 811 2.02806
