153
0 400 1.51556
16 439 1.08109
41 691 1.84873
145 431 1.57701
63 440 1.45651
35 691 1.88583
111 853 4.70416
60 448 1.34522
2 463 1.67388
98 351 3.70614
161 195 1.08109
130 432 1.60866
53 692 4.52087
73 545 2.08283
125 210 2.04185
102 791 2.08283
126 761 2.8061
122 669 1.26737
136 966 2.4417
84 101 1.39976
173 453 3.22487
113 563 1.54598
141 853 1.84873
171 842 2.04185
107 437 4.43192
91 622 1.67388
108 835 2.08283
160 667 2.08283
29 558 2.69676
118 860 2.04185
25 333 2.08283
18 44 1.17053
176 920 1.88583
147 851 1.48574
23 795 2.04185
109 925 2.21077
50 375 1.51556
140 130 0.868828
101 90 2.8061
5 379 1.60866
68 569 1.26737
138 594 2.08283
55 690 1.57701
153 838 1.84873
79 4 2.25514
83 981 1.54598
120 993 1.74174
39 625 2.3004
75 278 1.84873
115 393 1.70747
58 657 1.7767
170 882 1.26737
43 113 1.81235
78 542 1.92368
81 472 1.34522
57 941 1.67388
51 639 1.60866
44 64 2.16727
123 581 2.34657
135 170 1.54598
164 113 1.88583
124 603 1.51556
177 46 1.92368
71 992 1.74174
93 657 3.49166
99 393 1.64094
133 350 1.45651
9 732 1.88583
38 658 1.54598
56 285 1.64094
127 612 1.26737
66 768 1.51556
22 514 1.67388
26 699 1.88583
129 31 2.6437
119 360 1.48574
28 387 1.57701
6 398 3.8564
8 46 1.48574
15 519 1.67388
14 46 1.34522
54 502 2.08283
86 379 1.42785
59 46 1.88583
167 941 1.64094
175 184 1.31875
128 146 1.96229
46 356 1.74174
47 451 1.92368
77 667 2.16727
27 569 1.1475
179 963 2.3004
11 448 1.39976
3 429 1.54598
148 640 1.70747
166 640 1.64094
157 460 1.67388
33 40 1.57701
159 293 1.84873
152 853 1.51556
116 62 2.04185
42 438 1.48574
90 564 1.81235
45 108 1.70747
162 791 2.21077
74 975 1.37222
143 692 1.92368
174 77 2.04185
146 566 3.42296
20 949 1.67388
180 249 1.67388
31 602 1.37222
61 281 2.25514
40 833 1.96229
142 64 1.7767
88 234 1.51556
134 791 1.64094
139 826 1.64094
21 891 1.81235
12 260 1.48574
149 764 1.26737
95 364 1.29281
103 163 1.67388
169 196 1.34522
132 260 1.51556
49 245 2.04185
69 458 1.10279
131 406 2.59169
82 816 2.08283
144 891 1.48574
37 64 1.74174
96 399 4.17544
178 446 1.45651
1 569 1.34522
10 99 4.52087
87 439 1.03897
24 669 1.1475
97 615 1.34522
105 647 1.81235
114 776 1.88583
67 166 1.57701
150 692 3.35562
89 472 1.21799
106 324 1.67388
137 73 1.24243
121 322 3.09922
64 472 1.21799
19 502 1.67388
151 669 1.26737
165 196 1.48574
163 566 1.12493
32 770 3.28959
65 977 1.70747
