2649
455 455 1.96073
34 34 2
326 646 1.92222
177 156 2.20849
34 690 1.84747
646 326 2.08092
197 565 2.29784
690 34 2.16512
326 573 1.88448
690 690 2
430 126 2.1226
29 573 1.96073
690 400 1.84747
430 90 2.20849
29 29 2
755 726 2
400 690 2.16512
573 29 2.04006
677 677 2
579 156 2.04006
326 326 2
998 34 2.74686
126 126 2
201 201 2
400 400 2
419 246 1.84747
201 464 1.92222
34 998 1.45621
126 90 1.92222
202 202 2
135 135 2
579 579 2
646 573 1.88448
989 681 2.1226
90 126 2.08092
644 545 2.04006
939 827 2.04006
809 190 1.96073
545 644 1.92222
827 939 1.96073
374 374 2
201 925 1.92222
105 105 2
90 90 2
270 270 2
79 565 2
969 969 2
202 925 1.96073
212 212 2
773 246 2.04006
545 545 1.96073
545 259 1.67307
156 156 2
565 565 2
465 158 2.1226
156 579 1.96073
809 809 2
915 915 2
418 302 1.77563
646 646 2
573 646 2.1226
396 396 2
103 374 2.1226
811 121 1.96073
701 302 2
465 565 2.08092
376 939 1.96073
161 161 2
573 573 2
158 264 1.57643
246 246 2
43 43 2
162 162 2
773 302 1.92222
939 939 2
565 158 2
577 577 2
43 270 2.08092
374 103 1.88448
270 43 1.92222
158 158 2
622 579 2.04006
464 201 2.08092
158 565 2
376 376 2
969 369 1.77563
925 201 2.08092
579 547 2
396 811 2.1226
259 545 2.34387
791 791 2
464 464 2
12 565 2.1226
681 681 2
430 430 2
935 935 2
428 197 1.92222
547 579 2
644 188 1.92222
126 430 1.84747
734 811 2.34387
465 465 2
596 596 1.96073
388 380 2.04006
935 474 1.8112
839 839 2
738 738 2
755 921 2.20849
324 565 2.39082
538 538 2
398 201 2.08092
647 647 2
791 877 1.88448
188 644 2.08092
3 3 2
969 325 1.84747
415 415 2
785 962 2.16512
418 418 2
415 465 2
380 380 2
419 419 2
644 644 2
474 474 2
637 260 1.77563
193 742 1.88448
509 509 2
190 190 2
741 741 1.96073
720 313 2.1226
83 83 2
827 827 2
637 511 2
982 189 2.08092
162 545 2.08092
825 825 2
161 255 1.8112
188 188 2
985 985 2
538 705 1.96073
202 838 1.64021
156 877 2.04006
358 738 2
742 742 2
705 538 2.04006
925 925 2
40 877 2.1226
90 430 1.8112
992 992 2
742 193 2.1226
877 877 2
738 358 2
742 545 2.04006
16 16 2
992 296 1.8112
916 190 2.08092
270 608 1.57643
992 917 1.96073
701 701 2
987 987 2
255 161 2.20849
162 193 2.08092
514 514 2
220 220 2
474 935 2.16512
773 773 2
347 596 2.20849
12 12 2
705 705 2
342 342 2
313 121 1.96073
103 103 2
358 358 2
193 193 2
908 908 2
720 720 2
950 950 2
3 149 1.92222
190 189 1.92222
950 388 1.96073
197 197 2
302 302 2
750 648 1.8112
277 277 2
398 925 2.04006
735 735 2
921 921 2
978 978 2
750 750 1.96073
622 622 2
212 892 1.84747
982 982 2
916 916 2
259 162 2.34387
758 985 1.84747
755 755 2
978 921 2
648 750 2.16512
933 429 2.08092
739 739 2
193 545 2
933 933 2
792 374 2.04006
542 188 2.1226
467 467 2
584 399 1.88448
188 542 1.88448
149 3 2.08092
429 401 2.16512
376 363 1.84747
223 223 2
190 809 2.04006
79 158 2.04006
514 40 2.04006
699 699 2
388 388 2
514 177 1.92222
555 555 2
890 396 2
144 875 2.1226
547 622 1.96073
388 950 2.04006
578 739 2
401 401 2
380 388 1.96073
637 637 2
847 908 2.08092
482 482 2
758 758 2
501 501 2
701 294 1.92222
925 398 1.96073
989 363 2
433 555 2.08092
890 811 2.1226
197 324 1.92222
161 429 1.77563
144 144 2
995 738 2.20849
596 547 1.92222
139 915 2.1226
521 521 2
678 678 2
915 139 1.88448
687 687 2
422 735 2.08092
811 734 1.70658
577 623 1.64021
380 950 2
133 921 2.25272
989 989 2
494 677 2.25272
149 149 2
428 428 2
916 809 2.04006
834 16 1.84747
429 269 2.1226
121 121 2
177 514 2.08092
255 875 1.96073
121 811 2.04006
82 889 1.96073
401 269 1.96073
420 39 2.08092
985 766 1.92222
220 921 2.25272
107 107 2
40 514 1.96073
738 995 1.8112
347 699 2.25272
457 501 2.08092
647 514 1.77563
189 190 2.08092
717 717 2
711 985 2.1226
246 419 2.1226
768 521 2.08092
246 773 1.96073
811 811 2
642 565 2.53738
419 0 1.84747
313 720 1.88448
398 398 2
875 144 1.88448
144 930 2.1226
930 930 2
717 902 2
726 726 2
933 486 2
622 547 2.04006
986 465 2.53738
658 658 2
542 542 2
930 144 1.88448
998 509 2
324 197 2.08092
260 555 2.20849
0 419 2.16512
838 202 2.39082
446 103 1.96073
509 998 1.96073
43 434 1.64021
255 255 2
501 457 1.92222
635 635 2
0 773 1.96073
467 296 1.77563
730 730 2
809 176 1.57643
189 189 2
877 514 1.84747
904 904 2
791 40 1.77563
798 798 2
179 179 2
175 175 1.96073
420 420 2
929 735 2.25272
272 156 2.64004
648 648 2
681 363 1.88448
547 547 2
939 797 1.70658
677 494 1.77563
50 20 2
269 401 2.04006
953 953 2
977 324 1.96073
322 322 2
614 614 2
839 438 2
706 501 2.1226
213 877 2.16512
40 40 2
577 451 1.60801
501 706 1.88448
177 177 2
875 255 2.04006
681 989 1.88448
325 943 1.92222
262 262 2
107 420 1.88448
647 40 1.8112
490 490 2
875 875 2
796 796 2
940 47 2.08092
20 20 2
103 369 2
560 189 2.04006
720 121 2
635 372 1.74076
466 466 2
313 313 2
908 847 1.88448
734 734 2
982 933 1.84747
32 32 2
608 270 2.53738
442 442 2
438 438 2
324 324 2
396 890 2
146 146 2
635 766 1.77563
902 902 2
39 39 2
265 265 2
401 429 1.84747
420 355 1.92222
429 429 2
508 720 2.1226
259 259 2
965 965 2
877 40 1.88448
175 51 1.88448
521 768 1.92222
940 39 2.1226
82 777 1.96073
6 6 2
302 773 2.08092
689 977 2
457 457 2
269 269 2
322 437 1.96073
412 919 1.96073
415 575 1.57643
977 977 2
911 911 2
422 422 2
985 711 1.88448
437 322 2.04006
926 648 2
213 213 2
95 95 2
726 921 2.20849
797 939 2.34387
412 892 2.29784
921 133 1.77563
542 838 1.77563
663 663 2
955 773 2.04006
133 511 2.04006
207 521 2.16512
721 721 2
835 908 2.20849
768 768 2
205 47 1.96073
766 985 2.08092
721 47 1.88448
678 468 1.84747
639 658 2.08092
892 892 2
735 422 1.92222
842 658 2.16512
827 797 1.67307
47 422 2.04006
434 43 2.43871
422 47 1.96073
961 950 2.25272
608 43 2.43871
20 50 1.96073
208 555 2.25272
847 847 2
854 720 2.25272
363 989 2
175 891 1.74076
443 936 2.16512
734 926 2
576 950 2.29784
302 701 2
363 363 2
432 432 2
780 798 2.1226
179 917 1.96073
814 943 2.04006
798 780 1.88448
50 50 2
879 12 2.39082
325 325 1.96073
950 576 1.74076
286 286 2
943 779 2
363 659 2
889 779 2.08092
546 376 2
922 922 2
711 766 2
596 347 1.77563
205 205 1.96073
235 614 2.25272
658 842 1.84747
97 97 2
82 82 2
706 706 2
554 554 2
623 623 2
466 133 1.96073
79 79 2
47 47 2
758 711 1.77563
912 942 2.04006
437 437 2
797 827 2.39082
522 522 2
890 890 2
355 39 2.1226
212 412 1.64021
369 103 2
428 147 1.64021
659 363 1.96073
322 368 1.88448
995 995 2
494 494 2
908 835 1.8112
505 609 2.04006
782 782 2
12 879 1.67307
943 943 2
298 262 2
133 133 2
659 659 1.96073
68 68 2
839 933 1.84747
25 25 2
262 298 2
146 164 2.16512
904 659 1.77563
940 940 2
852 658 2.20849
965 923 1.84747
614 235 1.77563
779 779 2
269 429 1.88448
609 609 2
64 64 2
184 699 2.43871
39 355 1.88448
286 834 2.08092
369 969 2.25272
508 508 2
262 278 2.04006
220 133 2
386 386 2
779 943 2
691 691 2
488 386 2.04006
559 559 2
976 976 2
511 511 2
139 139 2
446 446 2
987 816 1.84747
792 779 2.08092
575 415 2.53738
57 57 2
847 835 1.92222
917 296 1.88448
929 929 2
41 41 2
777 889 2
355 420 2.04006
917 917 2
814 325 2.08092
232 190 2.53738
521 207 1.84747
667 667 2
721 940 1.88448
889 889 1.96073
418 176 1.48537
39 940 1.84747
623 900 1.96073
488 488 2
351 351 2
639 639 2
438 615 1.8112
122 987 2.25272
780 780 2
83 96 2
347 347 2
32 615 1.88448
441 441 2
532 532 2
293 563 1.92222
264 158 2.53738
0 0 2
998 998 2
633 633 2
555 260 1.8112
164 779 1.92222
642 158 2.53738
360 360 2
292 622 2.34387
56 56 2
296 467 2.25272
892 801 1.84747
598 889 2
479 511 2.20849
88 88 2
714 714 2
511 133 1.96073
286 108 1.96073
325 814 1.88448
41 68 2.20849
565 642 1.57643
47 940 1.92222
207 768 2.1226
779 889 1.88448
929 468 1.96073
443 602 2.04006
783 783 2
330 401 2.25272
962 962 2
943 325 2.04006
936 936 1.96073
518 609 2
184 146 2.20849
838 542 2.25272
815 815 2
4 4 2
383 363 2
532 659 2
368 368 1.96073
942 942 2
711 711 2
117 117 2
143 372 1.92222
600 107 2.08092
215 117 2
801 892 2.16512
518 313 2.53738
994 57 2
633 689 1.96073
726 133 1.96073
374 941 1.74076
383 989 2.16512
57 335 2
584 584 2
766 766 2
205 367 1.8112
842 842 2
816 816 2
355 355 2
852 852 2
855 855 2
631 895 2.04006
2 2 2
189 560 1.96073
515 515 2
689 633 2.04006
96 83 2
693 230 2.29784
977 633 2
785 300 2.08092
693 372 2.1226
615 32 2.1226
571 571 2
381 571 2.16512
598 598 2
895 895 2
560 429 2
516 658 2.25272
386 281 1.88448
298 298 2
863 863 2
828 648 2.20849
236 161 2.64004
658 954 1.8112
663 923 2.08092
204 204 2
854 854 2
835 847 2.08092
198 735 2.43871
744 577 2.69292
572 572 2
48 48 2
435 435 2
443 443 2
271 271 1.96073
268 268 2
483 483 2
771 771 2
653 930 2.25272
546 976 2
48 325 2.25272
814 814 2
95 980 1.64021
659 532 1.96073
210 210 2
298 278 2.04006
48 429 2.20849
260 260 2
560 560 2
898 898 1.96073
954 658 2.16512
689 689 2
367 205 2.16512
117 215 2
951 467 2.29784
494 367 1.84747
912 551 2
215 215 2
777 777 2
675 386 2.04006
857 857 2
664 372 1.96073
763 857 2.08092
281 488 2.08092
923 923 2
164 164 2
488 281 1.92222
768 602 1.8112
129 129 2
976 546 1.96073
226 860 1.92222
32 356 1.84747
367 494 2.16512
364 364 2
483 313 2.64004
978 594 1.64021
631 631 2
296 917 2.1226
648 828 1.8112
895 631 1.96073
889 777 1.96073
268 816 1.96073
486 560 2.08092
639 516 1.92222
230 230 2
486 933 2
623 858 1.88448
386 675 1.96073
263 263 2
964 422 2.25272
56 551 1.88448
159 213 2.1226
296 296 2
921 594 1.64021
926 734 2
796 159 2.04006
369 369 2
976 383 1.88448
663 900 2.04006
559 295 1.84747
122 609 2
594 921 2.43871
936 602 1.84747
479 955 2
356 438 2.20849
965 18 1.77563
412 412 2
372 372 2
16 834 2.16512
56 756 1.88448
561 561 2
776 691 2.1226
174 174 2
838 838 2
691 776 1.88448
18 923 2.08092
434 838 2
699 587 1.67307
930 653 1.77563
451 623 2.04006
159 796 1.96073
544 544 2
519 320 1.84747
796 860 1.84747
306 705 2.48755
472 321 2.04006
735 198 1.64021
810 904 2.25272
88 452 1.88448
746 877 2.43871
961 576 1.96073
278 298 1.96073
410 399 2.08092
961 961 1.96073
88 330 1.88448
792 792 2
36 705 2.69292
207 207 2
566 566 2
756 56 2.1226
912 912 2
51 175 2.08092
330 88 2.1226
899 508 2.43871
368 520 1.84747
64 286 1.96073
293 891 2.16512
608 608 2
777 82 2.04006
852 516 1.96073
392 827 2.5882
674 674 2
208 260 2.04006
766 711 2
919 919 2
17 615 1.96073
180 180 2
467 184 1.67307
926 926 2
468 468 2
834 286 1.92222
475 475 2
516 639 2.04006
835 835 2
598 82 1.92222
678 198 1.74076
951 951 2
394 394 2
955 955 2
855 897 2
281 281 2
699 184 1.64021
81 81 2
760 360 2.16512
17 17 2
143 664 1.96073
857 763 1.92222
235 235 2
948 948 2
360 760 1.84747
670 670 2
143 143 2
368 975 1.84747
974 532 2.29784
936 443 1.8112
576 576 2
305 305 2
265 686 1.74076
667 858 1.8112
505 816 2.20849
592 139 2.29784
285 285 1.96073
486 486 2
801 801 2
295 559 2.1226
26 483 2.04006
783 424 2.04006
763 763 2
576 961 2
602 602 2
842 954 1.96073
22 811 2.69292
900 900 2
51 51 2
820 571 2.34387
602 495 2.04006
2 784 1.96073
670 863 1.8112
278 278 2
102 728 1.96073
546 546 2
710 710 2
472 472 2
664 143 2.04006
782 118 1.74076
615 615 2
316 264 2.16512
664 664 2
750 234 1.39958
102 102 2
21 146 2.29784
381 381 2
563 563 2
858 667 2.20849
582 32 2.34387
57 994 2
834 834 2
520 368 2.1226
725 725 1.96073
253 253 2
785 785 2
16 519 2.04006
571 381 1.84747
954 842 2.04006
60 922 2.43871
213 159 1.88448
305 128 1.96073
273 273 2
383 383 2
224 224 2
519 519 2
893 609 2.08092
691 957 1.8112
26 313 2.64004
151 515 2.20849
551 551 2
879 879 2
438 184 1.70658
674 108 2
203 39 2.29784
451 451 2
651 942 2.1226
2 526 1.84747
480 519 2
527 527 1.96073
628 628 2
243 158 2.80188
496 496 2
602 443 1.96073
128 128 2
632 633 2.20849
667 240 1.77563
343 343 2
146 184 1.8112
391 1000 1.96073
372 711 2.04006
321 321 2
601 174 2.04006
372 143 2.08092
280 325 2.16512
923 18 1.92222
13 832 1.96073
76 76 2
722 129 1.96073
367 367 2
452 76 2
51 891 1.84747
284 284 2
434 434 2
226 226 2
405 405 2
356 615 2.04006
176 418 2.69292
964 664 2.04006
273 795 1.88448
232 487 2.08092
797 797 2
45 45 1.96073
516 516 2
61 61 2
823 823 2
942 912 1.96073
76 452 2
776 776 2
951 933 2.08092
756 756 2
243 324 2.34387
4 731 1.77563
452 452 2
570 570 2
22 121 2.53738
468 128 2
228 294 2
675 675 2
148 664 2.04006
728 728 2
252 252 2
736 736 2
335 57 2
68 887 1.74076
922 60 1.64021
37 857 2.08092
267 158 2.74686
818 576 2.08092
292 45 2.04006
894 188 2.64004
463 463 2
519 480 2
740 740 2
264 264 2
857 37 1.88448
879 980 1.84747
200 170 2.16512
511 479 1.8112
330 330 2
531 531 2
480 480 2
1001 551 2.04006
18 384 2
433 433 2
728 102 2.04006
757 757 2
763 37 1.92222
18 18 2
551 912 2
9 10 2.16512
805 962 2.08092
222 535 2.08092
994 994 2
771 445 1.8112
495 495 2
351 724 1.74076
900 858 1.92222
513 551 2.08092
321 472 1.96073
828 675 2.04006
858 900 2.08092
724 351 2.29784
445 771 2.20849
816 505 1.8112
520 520 2
551 1001 1.96073
228 154 2
645 645 2
226 899 1.92222
904 810 1.74076
757 680 1.92222
669 669 2
495 602 1.96073
764 797 2.04006
508 899 1.64021
327 327 2
64 848 1.96073
295 295 2
59 919 2.39082
181 706 2.48755
837 837 2
1 930 2.48755
502 16 2.29784
139 592 1.74076
495 443 1.92222
160 320 1.8112
285 240 1.84747
680 757 2.08092
479 479 2
625 4 2.25272
68 169 1.67307
731 4 2.25272
94 94 2
603 699 2.69292
584 333 1.84747
154 294 2
121 22 1.57643
13 13 2
566 125 1.8112
181 181 2
612 612 2
906 906 2
897 230 2.08092
351 640 1.74076
980 879 2.16512
675 828 1.96073
536 536 2
198 561 2.16512
172 260 2.16512
592 266 2
523 699 2.53738
128 92 1.92222
900 240 1.88448
305 92 1.88448
200 226 2.16512
76 610 1.88448
174 601 1.96073
300 962 2.08092
385 663 2.39082
329 757 2.08092
92 305 2.1226
222 222 2
169 4 2.29784
335 335 2
196 281 2.16512
102 660 1.92222
194 194 2
473 473 2
818 818 2
148 837 2
439 439 2
163 163 2
837 148 2
808 808 2
444 25 2.29784
632 797 2.08092
563 891 2.08092
535 222 1.92222
147 432 1.8112
140 623 2.20849
147 428 2.43871
820 381 2.1226
45 746 1.92222
927 927 2
310 310 2
826 51 2.1226
171 923 2.20849
176 809 2.53738
527 746 2.04006
878 878 2
680 680 2
954 954 2
561 198 1.84747
535 535 2
148 148 2
660 728 2.04006
384 18 2
154 154 2
164 170 1.74076
558 558 2
653 653 2
134 670 2.16512
964 964 2
356 356 2
757 329 1.92222
578 578 1.96073
776 957 1.92222
384 384 2
693 693 2
957 776 2.08092
828 828 2
129 722 2
497 612 2
787 325 2.25272
1001 1001 2
975 975 2
423 423 2
760 760 2
240 900 2.1226
988 988 2
513 1001 2.04006
526 2 2.16512
219 731 1.88448
600 600 2
788 777 2.04006
4 625 1.77563
1000 1000 2
784 784 2
522 250 1.67307
37 763 2.04006
125 566 2.20849
660 102 2.08092
424 783 1.96073
192 615 2.29784
955 479 1.96073
609 518 2
278 479 1.84747
581 581 2
129 124 1.96073
329 680 1.92222
272 746 2.20849
906 58 2
795 273 2.1226
953 553 1.57643
92 128 2.08092
980 980 2
333 399 2
250 522 2.39082
170 230 2.16512
45 292 1.96073
906 870 2.04006
858 858 2
863 819 1.84747
185 185 2
10 661 1.88448
292 292 2
316 381 2
764 764 1.96073
612 497 2
952 768 2.69292
722 802 1.96073
923 171 1.8112
891 51 2.16512
674 525 1.96073
790 921 2.69292
531 73 1.88448
159 159 2
975 160 1.96073
550 550 2
10 10 2
291 792 2.1226
896 535 2.1226
310 118 1.96073
759 45 1.96073
902 676 1.48537
184 184 2
132 777 2.08092
1001 513 1.96073
108 674 2
680 329 2.04006
919 412 2.04006
897 855 2
795 795 2
490 145 2
75 623 2.25272
878 408 2.04006
739 578 1.96073
661 661 2
466 707 1.54547
669 254 2.1226
505 505 2
564 664 2.16512
614 909 1.48537
661 10 2.1226
513 513 2
751 321 2.20849
160 160 2
267 267 2
274 274 2
784 526 1.96073
291 291 2
991 991 2
329 329 2
42 285 2.16512
685 685 2
610 610 2
942 651 1.88448
497 497 2
860 796 2.16512
280 280 2
962 300 1.92222
227 227 2
887 108 2.04006
179 723 1.64021
525 674 2.04006
319 319 2
719 468 2.25272
894 181 1.96073
96 96 2
230 170 1.8112
219 219 2
803 803 2
917 947 1.64021
117 75 1.74076
980 893 2.16512
283 55 2.04006
891 891 2
632 632 2
191 191 2
124 777 2.1226
27 451 2.20849
71 71 2
957 957 2
953 909 1.51513
529 230 2.08092
612 42 1.92222
118 118 2
610 686 2.04006
214 320 1.88448
610 848 2
449 950 2.85801
17 192 1.70658
601 601 2
686 610 1.96073
778 778 2
37 37 2
439 772 1.92222
941 504 2
695 695 2
830 518 2.39082
772 439 2.08092
25 444 1.74076
575 575 2
3 781 1.45621
571 820 1.70658
381 820 1.88448
427 674 2.1226
476 811 2.97364
408 878 1.96073
566 46 1.77563
524 740 1.84747
686 240 1.96073
948 947 1.67307
759 759 2
781 3 2.74686
752 143 2.25272
863 53 1.77563
686 686 2
740 524 2.16512
240 858 2.04006
92 92 2
294 294 2
555 208 1.77563
122 122 2
9 251 1.92222
497 42 1.92222
592 592 2
285 75 1.77563
795 82 2.1226
266 266 2
746 746 2
72 576 2.25272
670 134 1.84747
459 536 2.08092
848 610 2
219 120 2.04006
108 108 2
150 327 2.16512
962 805 1.92222
196 196 2
538 299 1.39958
424 424 2
267 79 2.5882
587 587 2
490 243 2.1226
526 784 2.04006
660 660 2
609 562 1.67307
240 240 2
694 520 2.20849
96 849 2
941 426 2
849 96 2
151 151 2
897 897 2
49 160 2.04006
445 445 2
536 459 1.92222
848 848 2
899 226 2.08092
759 292 1.96073
532 806 1.54547
284 123 1.8112
564 356 2.1226
294 154 2
518 518 2
893 980 1.84747
615 192 1.74076
909 614 2.69292
147 147 2
594 594 2
19 254 2.08092
941 941 2
42 497 2.08092
696 58 1.92222
59 653 2.29784
46 566 2.25272
802 802 2
788 788 2
975 640 1.88448
974 974 2
997 997 2
640 975 2.1226
470 669 1.96073
958 628 2.04006
472 46 1.88448
819 863 2.1226
77 792 2.16512
123 284 2.20849
587 184 1.96073
198 198 2
819 674 2.08092
529 164 2.20849
124 10 2.1226
171 610 2.04006
408 408 2
818 72 1.84747
526 526 2
288 837 2.1226
770 770 2
642 642 2
316 316 2
81 553 1.92222
627 627 2
13 211 1.92222
321 751 1.8112
314 314 2
947 296 2.29784
731 731 2
947 917 2.43871
986 575 2.08092
567 878 2.04006
260 208 1.96073
63 230 1.96073
968 968 2
826 826 2
391 391 2
348 692 2.1226
878 859 1.96073
892 657 1.12526
556 160 2.08092
887 887 2
756 752 1.8112
49 49 2
810 810 2
899 899 2
249 249 2
426 504 2
849 849 2
772 772 2
72 818 2.16512
722 722 2
9 9 2
404 404 2
837 288 1.88448
67 808 2.16512
694 694 2
599 599 2
845 845 2
186 254 2.16512
575 605 1.92222
125 125 2
703 703 2
299 538 2.85801
24 536 2.20849
605 575 2.08092
306 306 2
75 858 2.1226
752 384 2.16512
645 208 3.41648
293 293 2
14 14 2
73 669 1.96073
42 42 2
806 532 2.5882
387 273 2.25272
808 67 1.84747
384 752 1.84747
390 390 2
215 101 1.67307
893 893 2
19 186 1.84747
451 27 1.77563
350 943 2.39082
141 141 2
988 851 2
62 740 1.96073
504 504 2
38 638 2.1226
309 522 2.53738
264 316 1.84747
288 802 2.04006
352 352 2
150 578 2.25272
802 722 2.04006
132 788 2.04006
7 7 2
788 132 1.96073
153 832 2
41 543 1.70658
399 399 2
570 990 1.88448
522 309 1.57643
636 352 2.04006
744 744 2
669 586 2
432 345 2.1226
703 378 1.60801
802 288 1.96073
724 724 2
169 887 2.08092
820 820 2
362 901 2
265 299 1.51513
651 651 2
901 901 2
986 986 2
676 14 2.20849
362 362 2
99 99 2
859 878 2.04006
774 763 1.96073
506 506 2
426 426 2
638 638 2
883 883 2
141 682 2.08092
625 625 2
268 308 1.60801
254 528 1.96073
132 132 2
208 208 2
421 421 2
520 165 1.8112
787 787 2
613 408 2.08092
724 640 2
282 651 2.16512
426 941 2
266 592 1.96073
887 169 1.92222
211 13 2.08092
378 703 2.48755
743 467 3.09396
618 848 2.08092
320 320 2
77 159 2.1226
606 577 3.21915
38 38 2
432 657 2
60 60 2
640 724 2
504 426 2
682 141 1.92222
89 566 2.34387
134 134 2
896 896 2
214 214 2
524 524 2
882 882 2
352 636 1.96073
1000 391 2.04006
334 538 2.91525
504 941 2
171 171 2
288 288 2
10 9 1.84747
582 582 2
484 81 2.39082
149 44 1.42761
810 618 1.92222
870 58 1.96073
140 140 2
848 618 1.92222
254 186 1.84747
564 564 2
880 515 2.5882
859 408 2.08092
459 459 2
404 72 1.92222
543 41 2.34387
181 894 2.04006
924 924 2
228 228 2
31 31 2
315 568 2
586 487 2.04006
640 640 2
963 963 2
408 859 1.92222
556 640 2
605 605 2
682 682 2
556 556 2
499 499 2
331 331 2
483 26 1.96073
169 169 2
403 403 2
638 38 1.88448
561 700 1.64021
124 124 2
705 334 1.39958
392 392 2
36 604 2.16512
333 584 2.16512
618 810 2.08092
176 176 2
108 120 2
525 525 2
733 733 2
751 751 2
728 541 1.77563
378 378 2
700 468 2.39082
145 651 2.04006
568 568 2
77 77 2
603 603 2
870 906 1.96073
387 685 2.1226
203 203 2
300 300 2
222 478 1.8112
192 192 2
470 470 2
801 657 1.19424
617 617 2
275 506 2.1226
15 15 2
636 636 2
254 254 2
125 46 1.96073
337 197 2.64004
55 55 2
99 507 1.96073
685 315 1.88448
704 196 2.20849
774 37 1.96073
69 69 2
235 767 1.67307
692 399 2
860 860 2
945 331 1.92222
984 504 2.08092
805 805 2
331 945 2.08092
492 174 2.08092
21 21 2
832 832 2
582 856 1.96073
258 855 2.48755
685 387 1.88448
49 27 1.88448
864 363 2.5882
968 984 1.88448
320 160 2.20849
804 319 2.16512
956 720 2.80188
165 184 2.08092
361 906 2.04006
523 887 2.1226
120 108 2
403 539 1.84747
154 228 2
541 728 2.25272
183 902 2.74686
170 170 2
907 27 2.04006
733 238 1.96073
594 790 1.8112
134 53 1.84747
613 613 2
748 169 1.92222
563 293 2.08092
855 258 1.60801
337 324 2.53738
871 674 2.16512
733 824 1.96073
450 647 2.85801
206 172 1.84747
907 907 2
824 733 2.04006
617 46 2
583 832 2.04006
111 111 2
498 498 2
346 788 2.16512
866 364 2.48755
988 375 1.84747
628 868 1.88448
468 700 1.67307
966 666 1.88448
790 594 2.20849
984 426 2.08092
784 456 1.77563
150 150 2
115 115 2
72 72 2
364 866 1.60801
830 830 2
407 70 1.88448
211 211 2
945 945 2
894 894 2
26 26 2
19 19 2
462 674 2.20849
409 808 2.29784
506 275 1.88448
851 459 2.04006
229 229 2
902 183 1.45621
67 67 2
618 618 2
671 834 2.34387
459 851 1.92222
172 172 2
1 1 2
846 115 2
75 75 2
812 812 2
846 924 2.08092
109 109 2
123 123 2
312 852 2.34387
973 973 2
748 748 2
539 539 2
500 500 2
230 63 2.04006
446 800 1.54547
824 824 2
859 859 2
27 907 1.92222
973 211 1.92222
200 200 2
27 27 1.96073
924 53 1.84747
100 609 2.34387
199 352 2.1226
808 409 1.74076
824 752 2.04006
553 539 2.04006
36 36 2
535 478 1.77563
14 676 1.8112
567 859 2
696 696 2
8 407 1.96073
567 567 2
308 268 2.48755
881 772 2.16512
819 819 2
94 425 1.84747
772 881 1.84747
196 704 1.8112
142 190 3.62592
645 657 2.04006
832 13 2.04006
107 195 0.960176
460 847 2.64004
529 529 2
850 850 2
536 24 1.8112
456 784 2.25272
195 107 4.1659
907 199 2
987 100 1.45621
250 250 2
352 199 1.88448
502 519 2.34387
424 918 1.96073
990 990 2
719 719 2
44 149 2.80188
89 125 2.08092
71 309 1.77563
211 153 1.96073
407 407 2
840 638 2.08092
104 73 2.08092
562 313 3.03321
727 472 2.20849
444 444 2
431 568 2.1226
46 46 2
932 106 1.84747
676 676 2
853 957 2.25272
290 290 2
562 609 2.39082
957 853 1.77563
506 704 1.84747
719 53 1.92222
320 214 2.1226
653 59 1.74076
856 582 2.04006
319 804 1.84747
707 40 2.48755
587 700 1.77563
145 145 2
604 604 2
24 851 2.1226
999 999 2
604 36 1.84747
183 940 2.53738
315 315 2
300 785 1.92222
410 410 2
860 226 2.08092
651 282 1.84747
891 293 1.84747
553 553 2
275 275 2
527 272 1.84747
636 199 1.92222
280 166 1.12526
346 636 2.08092
168 452 2.48755
932 932 2
568 315 2
478 696 2.04006
168 76 2.48755
816 100 1.57643
638 840 1.92222
539 553 1.96073
165 234 1.88448
63 170 1.84747
500 745 1.96073
427 427 2
318 39 3.41648
745 500 2.04006
294 228 2
774 774 2
206 206 2
70 70 2
272 272 2
282 282 2
395 968 2.20849
140 541 1.88448
548 548 2
968 395 1.8112
53 53 2
106 932 2.16512
346 346 2
53 719 2.08092
66 360 2.5882
251 251 2
209 320 2.1226
22 22 2
751 541 2
238 752 2.08092
470 345 1.88448
261 261 2
172 206 2.16512
59 59 2
399 584 2.1226
297 99 2.16512
236 236 2
984 984 2
165 165 2
952 952 2
649 649 2
851 851 2
275 704 1.96073
523 523 2
856 856 2
238 238 2
350 787 2.16512
206 785 1.96073
153 153 2
787 350 1.84747
115 813 1.96073
393 875 2.69292
8 8 2
914 914 2
846 846 2
142 982 2.91525
187 187 2
919 59 1.64021
239 528 2.16512
901 700 1.8112
761 761 2
160 209 1.70658
447 447 2
745 745 2
120 120 2
597 597 2
145 243 2.08092
580 731 2.20849
99 297 1.84747
606 933 2.5882
541 140 2.08092
553 909 1.92222
30 30 2
333 333 2
70 407 2.08092
873 174 2.39082
557 661 2.29784
813 813 2
123 478 1.96073
417 731 2.25272
700 198 2.25272
999 87 1.8112
947 947 2
478 123 2.04006
973 813 1.88448
407 8 2.04006
924 934 1.84747
512 512 2
291 462 1.77563
958 958 1.96073
458 103 2.48755
234 184 2.20849
345 806 1.96073
251 9 2.08092
209 160 2.34387
359 491 1.96073
62 62 2
348 348 2
387 387 2
95 641 1.54547
746 272 1.8112
439 713 1.64021
194 874 1.37209
845 727 1.84747
242 887 2.08092
704 275 2.04006
199 907 2
425 94 2.16512
112 868 2
409 67 2.1226
931 914 2.04006
247 215 2.5882
767 748 2.1226
67 409 1.88448
914 931 1.96073
790 790 2
963 868 1.84747
73 73 2
871 625 2
533 533 2
765 906 2.08092
431 315 2.1226
731 580 1.77563
174 873 1.64021
692 692 2
748 767 1.88448
650 68 3.28363
462 525 2.16512
517 81 2.53738
830 743 1.70658
692 584 2.1226
245 245 2
261 44 1.96073
24 24 2
672 238 2.04006
832 153 1.96073
436 447 2.08092
417 901 2.25272
549 549 2
990 871 1.96073
89 89 2
704 704 2
633 337 1.48537
713 439 2.43871
243 243 2
456 9 2.08092
281 481 1.57643
55 283 1.96073
440 440 2
928 928 2
371 371 2
138 777 2.53738
53 934 2
263 337 1.64021
199 199 2
934 53 2
481 281 2.53738
881 881 2
789 789 2
250 309 1.84747
214 209 1.77563
938 938 2
104 104 2
956 680 2.43871
583 153 2.04006
799 799 2
840 840 2
489 489 2
73 104 1.92222
359 359 2
101 101 2
931 931 2
379 379 2
478 478 2
630 630 2
851 24 1.88448
452 168 1.60801
406 799 2.04006
362 716 1.77563
447 436 1.92222
353 707 2.16512
901 716 1.77563
366 366 2
127 512 2.08092
234 234 2
604 800 1.77563
119 68 3.55472
312 459 1.96073
153 583 1.96073
345 345 2
716 901 2.25272
170 63 2.16512
303 303 2
625 634 1.77563
530 120 1.67307
707 707 2
716 362 2.25272
192 431 1.88448
238 672 1.96073
460 692 2.1226
306 334 1.74076
712 712 2
541 541 2
251 456 2
706 152 2
234 165 2.1226
344 344 2
484 909 2.16512
410 817 1.96073
138 82 2.53738
119 41 3.03321
348 833 2.04006
655 845 2.34387
804 804 2
661 557 1.74076
399 333 2
203 183 1.51513
491 491 2
375 379 2.08092
290 178 1.84747
101 569 1.92222
436 436 2
244 859 2.25272
8 769 1.8112
273 662 1.60801
626 626 2
583 583 2
456 456 2
436 672 2
409 409 2
315 431 1.88448
167 744 2.34387
613 247 1.8112
229 167 1.88448
868 868 2
844 599 2
672 672 2
370 370 2
599 844 1.96073
55 743 1.48537
697 14 2.39082
672 436 2
589 661 2.85801
239 239 2
934 934 2
843 567 2.20849
241 196 2.34387
853 853 2
568 431 1.88448
905 905 2
569 101 2.08092
395 395 2
406 406 2
379 754 1.92222
617 981 1.77563
87 87 2
754 379 2.08092
767 767 2
484 484 2
379 727 1.92222
350 350 2
601 873 1.70658
727 379 2.08092
279 279 2
781 781 2
813 715 2
416 416 2
353 353 2
152 706 1.96073
603 385 1.8112
115 715 2
460 460 2
867 867 2
707 353 1.84747
502 502 2
393 683 2.16512
127 127 2
375 375 2
888 676 2.1226
178 290 2.16512
700 700 2
491 359 2
703 471 1.39958
845 655 1.70658
21 662 1.77563
297 297 2
934 28 1.96073
981 617 2.25272
540 540 2
46 981 1.77563
385 385 2
157 157 2
853 949 1.96073
74 74 2
665 665 2
662 788 2.39082
949 853 2.04006
411 740 2
569 569 2
981 46 2.25272
297 114 1.70658
462 462 2
715 813 1.96073
216 73 2.53738
871 871 2
130 500 2.08092
937 696 2.34387
580 580 2
903 903 2
236 450 1.74076
754 754 2
258 258 2
431 431 2
110 242 2
28 28 2
155 390 2.39082
727 727 2
242 110 2
841 841 2
949 949 2
500 130 1.92222
182 782 3.15593
983 983 2
655 379 2.20849
112 112 2
110 110 2
271 93 0.960176
629 714 2.74686
242 242 2
781 44 2.04006
782 182 1.24257
256 256 2
332 332 2
469 404 2.39082
668 375 2
552 87 2.16512
14 697 1.67307
209 209 2
279 619 2
52 101 2.16512
956 956 2
743 743 2
492 492 2
562 562 2
453 275 2.08092
299 299 2
634 580 2
627 152 2.08092
800 353 1.92222
580 634 2
353 800 2.08092
794 794 2
668 754 2.08092
365 339 1.92222
740 411 2
833 949 2.08092
365 365 2
744 167 1.70658
805 93 0.941322
385 593 1.92222
854 574 1.54547
417 417 2
127 183 1.92222
868 112 2
662 21 2.25272
963 257 1.77563
697 676 2.16512
44 261 2
112 257 1.96073
404 469 1.67307
868 257 1.88448
856 862 1.84747
676 697 1.84747
862 856 2.16512
619 279 2
450 450 2
375 668 2
178 178 2
344 112 2.16512
178 946 2
101 737 1.8112
476 476 2
716 716 2
152 627 1.88448
450 339 1.96073
833 348 1.96073
244 244 2
937 478 2.20849
888 888 2
843 247 2
946 178 2
257 344 1.88448
244 800 2.04006
626 241 1.8112
715 715 2
737 101 2.20849
257 868 2.1226
634 634 2
402 402 2
999 869 1.84747
389 389 2
800 800 2
530 530 2
354 580 2.08092
843 843 2
469 238 2.16512
949 833 1.92222
454 881 2.20849
492 873 1.8112
881 454 1.8112
979 979 2
743 830 2.34387
754 668 1.92222
344 257 2.1226
413 413 2
395 593 1.88448
334 334 2
873 492 2.20849
120 257 1.84747
44 44 2
183 183 2
862 409 2.16512
713 713 2
510 510 2
354 634 2.08092
557 557 2
248 87 2.1226
634 354 1.92222
167 510 1.92222
946 946 2
668 668 2
960 960 2
481 425 1.96073
656 70 2.08092
833 833 2
866 959 2.16512
113 580 2.16512
318 183 2.04006
800 244 1.96073
817 410 2.04006
339 339 2
510 765 2
354 354 2
307 271 3.21915
510 167 2.04006
769 8 2.20849
168 168 2
87 248 1.88448
113 634 2.29784
167 167 2
339 365 2.08092
166 280 3.55472
503 818 2.53738
299 334 1.96073
993 833 1.88448
393 393 2
765 510 2
993 732 2
85 863 2.74686
765 765 2
458 458 2
557 589 1.48537
619 619 2
869 999 2.16512
713 844 1.96073
332 131 1.88448
131 332 2.1226
844 713 2
493 493 2
981 981 2
873 873 2
334 299 2.04006
628 323 1.17079
247 247 2
552 552 2
831 831 2
247 843 2
866 866 2
673 657 2
312 312 2
606 606 2
673 166 1.92222
52 52 2
534 534 2
655 655 2
341 522 4.0841
218 873 2.48755
471 832 2.08092
657 801 3.3494
221 221 2
732 732 2
80 339 2.04006
530 257 1.51513
993 993 2
944 944 2
173 173 2
52 737 1.96073
271 307 1.21817
972 972 2
817 817 2
844 844 2
461 461 2
732 993 1.96073
130 130 2
338 338 2
113 113 2
888 697 1.88448
959 866 1.84747
862 862 2
616 634 2.39082
218 218 2
480 971 1.34515
920 166 1.92222
287 287 2
257 257 2
589 557 2.69292
481 481 2
769 769 2
589 589 2
142 142 2
840 137 1.84747
593 737 2
248 248 2
593 593 2
650 650 2
231 515 2.85801
958 323 1.21817
662 662 2
702 623 3.09396
764 702 1.51513
737 593 2
337 337 2
569 829 1.42761
829 101 2.69292
157 629 2.39082
454 454 2
503 880 2.1226
697 697 2
131 131 2
737 737 2
469 469 2
80 80 2
616 354 2.20849
195 318 2
435 591 0.904716
913 28 2.29784
138 138 2
807 93 1.8112
157 397 1.8112
586 683 2
673 673 2
549 323 1.48537
195 195 2
166 166 2
339 80 1.96073
959 959 2
990 233 1.92222
829 569 2.80188
11 11 2
84 854 2.80188
85 934 2.48755
118 397 1.24257
70 656 1.88448
967 967 2
586 586 2
485 832 3.92528
786 786 2
194 591 1.19424
657 657 2
471 153 2.04006
411 411 2
836 836 2
166 920 2.08092
595 137 1.96073
591 621 2.34387
357 357 2
137 137 2
485 153 3.8482
714 629 1.45621
549 361 1.84747
920 673 2
864 652 2.08092
377 276 2.25272
769 93 2
595 595 2
152 152 2
920 920 2
317 317 2
130 829 1.88448
611 287 2
913 257 2.5882
946 98 1.84747
886 886 2
657 673 1.92222
471 471 2
128 33 1.31874
373 373 2
913 913 2
137 840 2.16512
93 5 2
114 297 2.34387
718 5 1.88448
448 448 2
453 150 2.20849
616 616 2
98 946 2.16512
229 231 1.8112
817 971 1.34515
93 93 2
869 869 2
829 829 2
131 702 1.88448
762 762 2
807 656 1.96073
33 427 3.03321
952 702 1.67307
718 93 1.8112
377 377 2
799 406 1.96073
593 971 1.84747
620 620 2
937 937 2
525 33 1.24257
620 870 2.20849
411 183 1.67307
427 33 1.31874
821 821 2
948 729 1.08151
971 525 3.15593
98 98 2
684 684 2
971 504 2.5882
702 131 2.1226
287 611 2
656 656 2
336 336 2
377 116 2.20849
5 5 2
114 114 2
448 974 2.16512
28 33 1.39958
5 93 1.96073
698 698 2
666 666 2
5 718 2.1226
448 683 2.08092
477 666 1.64021
718 718 2
327 150 1.84747
966 966 2
93 656 2.1226
543 543 2
35 585 2.43871
137 595 2.04006
84 84 2
621 621 2
666 477 2.39082
971 971 2
301 301 2
807 807 2
813 970 1.42761
793 793 2
28 970 1.51513
747 110 2.08092
477 477 2
485 485 2
715 970 1.37209
884 35 1.51513
585 585 2
33 33 2
588 588 2
836 747 2.69292
656 807 2.04006
217 217 2
35 35 2
747 747 2
884 884 2
585 35 1.64021
539 341 1.42761
114 357 1.84747
885 885 2
33 28 2.80188
591 65 1.84747
221 666 1.84747
747 996 1.74076
35 996 2.48755
684 301 1.70658
225 225 2
884 553 2.5882
972 966 1.88448
970 970 2
349 349 2
341 341 2
767 585 1.64021
328 328 2
585 767 2.43871
403 341 1.19424
301 684 2.34387
591 591 2
310 341 1.29284
966 972 2.08092
836 110 2.74686
110 747 1.92222
793 23 2.20849
217 481 2.20849
81 341 1.42761
217 258 2.20849
233 233 2
327 974 1.88448
23 793 1.8112
218 793 1.39958
970 715 2.91525
709 793 1.74076
512 793 1.54547
574 233 2.04006
289 793 1.57643
340 340 2
309 341 1.29284
850 793 1.42761
666 221 2.16512
574 84 1.8112
822 822 2
996 35 1.60801
574 574 2
621 591 1.70658
357 530 3.62592
702 702 2
621 397 1.48537
885 344 2.5882
970 813 2.80188
729 729 2
258 217 1.8112
80 307 1.88448
65 65 2
30 341 1.03945
233 574 1.96073
793 953 3.55472
357 114 2.16512
98 702 1.96073
865 225 1.92222
885 958 2.39082
650 747 2.74686
821 970 1.96073
688 688 2
233 990 2.08092
996 996 2
588 238 2.39082
84 574 2.20849
65 654 1.92222
86 86 2
116 377 1.8112
65 591 2.16512
225 865 2.04006
116 507 1.96073
654 65 2.08092
874 35 1.39958
307 307 2
331 349 0.409255
182 65 1.88448
307 80 2.1226
804 747 1.37209
959 65 1.8112
487 586 1.96073
319 747 1.31874
349 331 9.77385
85 85 2
654 654 2
87 65 1.17079
487 232 1.92222
248 35 1.03945
611 611 2
382 382 2
753 753 2
979 65 1.8112
874 996 1.74076
493 65 1.48537
231 231 2
116 116 2
323 323 2
397 654 2
365 80 1.88448
996 874 2.29784
23 23 2
865 865 2
118 65 1.37209
397 397 2
173 307 1.84747
910 910 2
979 654 1.8112
487 487 2
729 917 3.77263
775 382 1.92222
341 553 2.85801
729 948 3.69855
654 979 2.20849
723 723 2
397 629 2.53738
458 307 1.84747
78 78 2
629 397 1.57643
872 872 2
641 641 2
231 334 2.20849
182 182 2
723 659 2.39082
382 323 1.84747
237 753 1.70658
493 397 1.39958
449 753 1.8112
629 629 2
507 323 1.51513
136 323 1.84747
23 888 2.16512
173 365 2.08092
323 507 2.64004
517 397 1.88448
723 179 2.43871
503 503 2
323 628 3.41648
239 186 2.04006
216 216 2
709 709 2
870 870 2
54 54 2
119 119 2
104 216 1.70658
775 323 1.84747
607 607 2
517 517 2
155 155 2
241 469 1.92222
683 448 1.92222
382 775 2.08092
753 989 3.77263
620 906 2.16512
775 775 2
821 115 2.80188
318 318 2
753 950 3.15593
515 231 1.39958
641 518 2.39082
880 503 1.88448
216 337 2.16512
683 586 2
624 624 2
874 874 2
241 241 2
537 537 2
425 481 2.04006
918 414 1.88448
136 136 2
100 100 2
698 345 2.1226
708 708 2
155 297 2.16512
683 683 2
641 671 2.08092
360 323 1.34515
880 880 2
414 414 2
671 641 1.92222
453 453 2
910 801 3.69855
425 425 2
528 239 1.84747
714 397 1.08151
263 216 1.51513
232 232 2
66 66 2
289 289 2
276 80 1.70658
864 864 2
390 155 1.67307
578 150 1.77563
652 864 1.92222
136 549 2.29784
696 478 1.96073
652 449 1.92222
308 308 2
276 377 1.77563
414 361 2.08092
679 679 2
528 186 1.88448
361 414 1.92222
449 449 2
528 528 2
309 309 2
304 448 2
652 652 2
643 643 2
671 671 2
345 449 1.92222
7 195 1.70658
63 63 2
876 749 2.04006
590 590 2
850 183 1.8112
918 918 2
876 876 2
304 304 2
909 909 2
91 91 2
237 377 1.92222
276 276 2
806 345 2.04006
749 876 1.96073
918 424 2.04006
806 806 2
512 127 1.92222
739 683 1.77563
392 453 1.77563
106 643 2.08092
58 870 2.04006
909 553 2.08092
749 749 2
861 861 2
643 106 1.92222
237 237 2
54 577 3.21915
414 906 2.1226
607 39 2.80188
974 448 1.84747
304 683 2.08092
308 60 2.16512
311 311 2
643 932 2
590 507 1.77563
58 906 2
607 953 2.64004
760 66 1.67307
58 58 2
66 760 2.39082
100 816 2.53738
590 628 2.1226
361 361 2
60 308 1.8112
515 880 1.51513
283 830 1.84747
186 239 1.96073
507 507 2
932 643 2
896 478 1.88448
283 283 2
106 106 2
752 752 2
507 116 2.04006
