135
34 217 2.02575
233 378 2.02575
101 485 0.898372
65 688 1.62871
189 841 2.10772
179 604 0.972541
138 972 1.98598
98 421 10.098
120 713 1.01189
219 841 1.87126
136 652 2.4216
206 211 1.30949
12 115 1.87126
35 411 2.06633
19 504 1.76318
124 248 1.94698
5 33 1.20962
195 202 1.98598
49 914 1.94698
21 338 2.83796
187 88 1.59673
228 114 1.38976
64 283 2.06633
116 29 1.76318
153 654 1.13975
1 31 1.90875
15 27 1.36247
152 411 2.28173
235 652 2.67404
173 593 1.16258
132 118 2.193
139 821 1.07392
214 925 1.79849
182 411 2.32743
231 245 1.90875
33 800 1.30949
194 218 1.47496
121 174 2.06633
11 247 1.20962
62 364 2.57005
86 353 1.44599
77 454 0.992021
95 848 3.2606
229 458 1.33572
56 387 1.44599
204 888 1.44599
207 332 1.47496
31 202 1.76318
129 672 1.53464
131 152 1.87126
118 315 1.20962
163 940 2.47011
220 274 1.94698
113 161 1.72856
191 318 1.33572
104 650 1.20962
110 788 1.33572
224 411 1.38976
215 530 1.90875
198 315 1.13975
127 629 1.13975
37 364 1.94698
225 466 1.62871
146 145 1.72856
242 62 1.5045
130 213 1.87126
230 332 1.38976
66 675 2.4216
73 353 1.25857
6 142 1.16258
141 244 1.23385
74 378 1.66134
142 119 1.03216
175 634 1.23385
91 466 1.83452
221 580 1.30949
112 332 1.28378
90 925 1.72856
107 929 1.90875
137 285 1.72856
108 434 1.44599
186 214 1.5045
72 364 1.79849
232 466 1.76318
154 859 1.4176
123 62 1.30949
3 434 1.47496
14 157 1.28378
150 703 1.98598
78 964 1.44599
178 707 1.30949
13 797 1.69461
133 387 1.16258
192 623 1.76318
0 81 1.69461
67 276 1.11737
241 235 1.69461
170 238 1.30949
36 604 1.25857
92 623 1.72856
17 133 1.79849
28 429 1.4176
68 361 1.23385
87 36 1.20962
46 270 1.87126
40 923 1.79849
41 194 1.72856
94 791 1.98598
79 4 1.76318
103 36 1.13975
100 640 1.25857
183 635 1.87126
155 900 1.56538
109 269 1.47496
203 327 1.53464
57 828 1.44599
23 604 1.25857
143 991 1.30949
157 940 1.62871
18 90 1.72856
197 144 1.69461
29 752 1.16258
201 577 1.59673
169 284 1.47496
50 235 1.56538
88 126 1.79849
126 196 1.30949
211 669 1.28378
160 468 1.44599
213 551 1.53464
42 255 1.76318
165 429 1.33572
236 438 1.69461
161 41 1.53464
2 39 1.62871
