684
24 220 1.75007
0 34 1.82103
179 201 1.68189
38 126 1.7852
0 690 1.68189
229 573 1.7852
151 690 1.7852
38 90 1.75007
61 202 1.75007
292 690 1.82103
363 190 1.82103
229 29 1.7852
24 943 1.75007
124 663 1.17613
179 398 1.61635
241 647 1.58455
24 325 1.82103
61 925 1.75007
169 705 1.49285
165 126 1.85757
179 925 1.75007
124 68 1.52281
222 735 1.52281
12 43 1.82103
139 376 1.7852
233 596 1.55338
61 398 1.61635
440 201 1.82103
70 705 1.58455
139 939 1.75007
90 43 1.82103
480 939 1.71564
52 930 1.40646
142 380 1.7852
47 705 1.58455
12 542 1.71564
406 255 1.49285
401 202 1.97168
460 950 1.75007
491 681 1.82103
280 663 1.37879
90 270 1.89486
222 659 1.49285
184 302 1.7852
325 273 1.24838
359 432 1.15299
382 161 1.7852
325 429 1.32506
88 571 1.68189
164 875 1.61635
415 269 1.46348
461 538 1.7852
265 220 1.55338
12 434 1.49285
99 126 2.05162
455 877 1.64879
213 269 1.49285
490 538 1.7852
219 255 1.58455
440 925 1.82103
56 269 1.49285
382 103 1.43468
45 565 1.82103
214 467 1.58455
319 468 1.43468
45 158 1.85757
214 401 1.61635
45 79 1.75007
415 596 1.43468
441 16 1.40646
43 3 1.82103
491 950 1.85757
319 347 1.43468
160 419 1.75007
317 730 1.55338
211 398 1.61635
220 6 1.71564
363 487 1.43468
56 429 1.40646
86 768 1.58455
382 255 1.61635
98 614 1.82103
491 388 1.82103
219 438 1.52281
268 273 1.32506
202 25 1.37879
214 438 1.55338
347 555 1.85757
424 515 1.52281
180 791 2.01125
453 705 1.82103
337 408 1.08627
29 284 1.27343
43 149 1.75007
376 827 1.85757
285 12 1.58455
325 788 1.19974
455 466 1.61635
222 961 1.35166
203 923 1.43468
406 615 1.32506
57 756 1.27343
351 791 1.93289
172 900 1.37879
284 81 1.37879
181 768 1.61635
219 40 1.49285
27 827 2.05162
490 265 1.64879
213 795 1.24838
160 809 1.71564
92 212 1.93289
253 368 1.46348
415 330 1.29899
379 265 1.68189
211 852 1.37879
152 47 1.58455
79 768 1.64879
237 117 1.58455
357 798 1.71564
353 438 1.68189
27 950 2.01125
285 855 1.49285
233 347 1.40646
460 576 1.52281
285 633 1.49285
23 265 1.71564
88 381 1.46348
485 951 1.52281
265 943 1.55338
124 276 1.13031
11 39 1.64879
280 728 1.35166
11 420 1.61635
52 612 1.22382
401 838 1.64879
160 0 1.64879
455 40 1.55338
125 615 1.52281
461 88 1.58455
485 982 1.71564
380 117 1.55338
72 262 1.64879
84 875 1.75007
337 567 1.04394
452 939 2.01125
297 487 1.32506
11 940 1.55338
94 768 1.82103
366 40 1.61635
230 978 1.97168
311 422 1.75007
37 726 1.82103
211 434 1.43468
82 604 1.19974
237 321 1.46348
488 265 1.75007
90 434 1.49285
180 466 1.85757
3 604 1.22382
482 978 1.89486
473 466 1.75007
3 306 1.22382
364 68 1.75007
37 220 1.7852
315 797 1.61635
152 330 1.46348
500 614 1.93289
303 47 1.71564
98 235 1.58455
265 325 1.58455
191 587 1.27343
70 604 1.24838
203 975 1.37879
269 604 1.24838
424 760 1.40646
57 404 1.19974
114 158 1.93289
230 466 1.89486
282 623 1.58455
351 466 1.7852
142 424 1.29899
197 604 1.24838
99 262 1.71564
137 446 1.71564
345 756 1.49285
353 615 1.55338
268 845 1.24838
361 325 1.7852
180 133 1.75007
429 977 1.71564
361 943 1.75007
311 940 1.64879
152 964 1.43468
312 645 0.890507
401 434 1.49285
177 273 1.58455
334 284 1.46348
260 423 1.85757
461 452 1.58455
47 604 1.27343
34 81 1.58455
355 495 1.52281
66 215 1.61635
224 724 1.32506
65 117 1.64879
231 144 1.82103
278 596 1.93289
221 554 1.7852
84 255 1.7852
191 724 1.24838
173 733 1.22382
307 360 1.64879
169 952 1.13031
337 199 1.00327
355 669 1.35166
230 133 1.75007
351 40 1.71564
427 603 1.27343
395 602 1.52281
191 640 1.24838
184 955 1.71564
244 600 1.64879
238 538 2.05162
309 360 1.68189
161 870 2.09279
342 446 1.68189
84 560 1.64879
42 151 1.40646
469 923 1.61635
164 604 1.32506
303 561 1.61635
347 260 1.68189
57 752 1.15299
94 327 1.64879
246 495 1.58455
433 669 1.29899
198 602 1.52281
224 640 1.27343
485 486 1.64879
269 567 1.19974
336 71 1.40646
233 184 1.29899
395 495 1.55338
353 746 1.55338
81 965 1.93289
226 599 1.35166
94 602 1.64879
419 327 1.55338
194 103 1.7852
406 192 1.15299
437 756 1.46348
82 36 1.10807
344 351 1.75007
83 194 1.71564
241 582 1.22382
470 446 1.75007
433 254 1.37879
114 267 1.49285
482 40 1.75007
363 232 1.37879
135 368 1.71564
195 515 1.7852
482 446 1.75007
172 27 1.22382
260 627 1.75007
99 298 1.82103
140 975 1.58455
203 640 1.29899
404 255 1.82103
225 986 1.35166
3 36 1.13031
37 133 1.7852
494 612 1.58455
377 561 1.64879
404 144 1.68189
379 764 1.46348
201 18 1.52281
494 285 1.64879
88 548 1.29899
147 850 1.35166
404 875 1.7852
269 36 1.17613
70 36 1.15299
494 443 1.58455
268 387 1.17613
197 36 1.15299
342 570 1.82103
56 387 1.17613
439 468 1.68189
359 528 1.32506
427 617 1.24838
469 18 1.55338
153 81 1.68189
438 735 2.09279
500 235 1.68189
320 929 1.49285
223 514 1.89486
354 556 1.35166
81 923 1.7852
71 500 1.29899
246 306 1.43468
83 770 1.40646
98 169 1.40646
458 303 1.13031
47 36 1.17613
458 704 1.10807
182 623 1.75007
480 70 1.13031
237 636 1.37879
86 952 1.24838
42 1 1.35166
138 599 1.46348
238 88 1.82103
419 602 1.55338
330 117 1.82103
391 623 1.7852
173 303 1.22382
71 745 1.32506
136 364 1.7852
59 863 1.64879
5 733 1.37879
114 79 1.89486
16 276 1.55338
348 936 1.7852
164 36 1.22382
360 169 1.40646
319 700 1.19974
257 213 1.89486
315 567 1.46348
194 369 1.7852
364 198 1.46348
320 41 1.52281
467 632 1.55338
223 40 1.93289
184 479 1.7852
65 352 1.46348
181 582 1.35166
81 18 1.75007
299 703 1.97168
223 936 1.89486
464 858 1.58455
225 290 1.29899
417 475 1.71564
439 128 1.68189
345 238 1.29899
438 965 2.01125
276 900 1.71564
30 556 1.43468
376 392 1.43468
175 360 1.85757
181 952 1.32506
276 285 1.71564
4 81 1.68189
330 215 1.82103
140 378 1.68189
288 151 1.52281
487 103 1.85757
140 640 1.49285
163 446 1.93289
420 360 1.89486
377 198 1.52281
320 735 1.7852
198 582 1.40646
257 943 1.85757
391 451 1.75007
23 567 1.40646
464 974 1.52281
86 704 1.19974
177 346 1.40646
469 171 1.49285
121 902 2.09279
195 151 1.61635
366 707 1.29899
480 749 1.27343
380 907 1.29899
391 320 1.52281
459 681 2.17764
66 859 1.40646
424 304 1.24838
419 992 1.71564
278 451 1.75007
299 378 1.55338
100 733 1.40646
278 320 1.52281
35 27 1.35166
377 214 1.49285
46 640 1.52281
107 845 1.52281
275 424 1.40646
175 760 1.71564
438 923 1.85757
35 907 1.32506
163 285 1.82103
420 900 1.7852
244 62 1.29899
209 235 2.01125
15 51 1.89486
50 711 1.7852
344 724 1.52281
79 856 1.35166
209 929 1.89486
413 305 1.82103
380 199 1.29899
460 449 1.22382
344 640 1.52281
126 623 1.85757
334 123 1.32506
23 36 1.35166
488 952 1.40646
422 902 2.01125
158 567 1.46348
69 49 1.61635
437 551 1.55338
141 500 1.46348
441 203 1.68189
276 240 1.64879
35 199 1.32506
299 153 1.40646
338 360 1.97168
470 582 1.49285
137 707 1.37879
195 760 1.64879
241 450 1.10807
500 539 1.46348
488 856 1.40646
1 101 1.37879
340 612 1.75007
201 68 1.97168
66 199 1.35166
388 850 1.55338
471 484 1.32506
13 500 1.52281
153 539 1.68189
59 887 1.61635
4 553 1.58455
65 199 1.37879
133 952 1.46348
172 244 1.10807
33 331 1.58455
413 330 1.7852
142 449 1.17613
420 760 1.75007
477 567 1.49285
107 387 1.43468
487 446 1.97168
387 99 1.58455
7 706 1.85757
257 159 1.71564
347 208 1.64879
168 599 1.58455
53 180 1.89486
149 185 1.75007
368 192 1.52281
283 704 1.49285
75 364 1.93289
439 719 1.55338
452 70 1.32506
126 728 1.82103
128 556 1.61635
31 395 1.32506
376 8 1.29899
137 353 1.27343
360 580 1.24838
59 169 1.55338
315 334 1.32506
427 417 1.22382
139 510 1.22382
279 966 1.89486
43 44 1.35166
371 360 2.09279
31 332 1.29899
448 365 1.29899
429 145 1.43468
213 606 1.04394
16 365 1.37879
490 299 1.24838
366 393 1.24838
335 345 1.40646
275 449 1.29899
69 101 1.46348
249 481 1.10807
459 948 1.97168
128 856 1.55338
340 582 1.61635
360 634 1.22382
330 199 1.52281
150 454 1.00327
126 140 1.68189
198 178 1.27343
309 365 1.32506
27 449 1.40646
69 569 1.43468
133 332 1.37879
501 62 1.52281
46 385 1.32506
224 650 1.0649
311 183 1.29899
393 549 1.61635
492 570 2.22134
284 517 1.0649
393 507 1.64879
239 174 1.93289
246 178 1.24838
107 727 1.37879
79 334 1.24838
338 760 1.82103
39 504 1.75007
31 843 1.27343
34 157 1.29899
354 593 1.15299
342 339 1.27343
75 390 1.75007
7 31 1.89486
163 353 1.43468
158 244 1.29899
192 101 1.58455
364 318 1.24838
118 764 1.85757
227 101 1.61635
359 673 1.10807
433 142 1.08627
475 843 1.43468
282 458 1.29899
411 760 1.85757
354 80 1.15299
303 318 1.27343
441 530 1.89486
177 662 1.27343
58 647 2.40512
118 18 1.89486
1 593 1.24838
413 700 1.49285
118 384 1.93289
30 593 1.22382
405 876 1.71564
28 760 1.85757
492 990 2.13479
368 431 1.43468
260 152 1.85757
1 737 1.22382
468 332 1.37879
50 618 1.61635
255 727 1.49285
352 736 1.89486
405 749 1.61635
192 569 1.52281
58 260 2.60409
185 848 3.2403
453 5 1.04394
46 113 1.27343
306 979 1.29899
453 93 1.0234
464 458 1.32506
408 392 1.75007
162 843 1.49285
16 80 1.29899
398 672 1.29899
168 844 1.46348
50 209 1.46348
201 650 1.22382
368 589 1.32506
194 458 1.43468
454 411 1.37879
487 173 1.49285
309 80 1.24838
323 940 2.45339
280 821 1.0649
162 247 1.46348
34 979 1.27343
371 66 1.55338
58 514 2.13479
185 18 2.50263
352 533 1.93289
133 131 1.29899
252 629 1.15299
282 93 1.0234
161 620 2.01125
340 178 1.46348
192 593 1.43468
185 332 1.68189
414 888 1.55338
146 101 1.75007
123 114 2.01125
121 888 1.52281
227 593 1.46348
329 85 1.00327
422 888 1.43468
227 737 1.46348
28 334 1.55338
307 93 1.0234
448 821 1.22382
446 841 1.82103
348 5 1.00327
123 357 1.93289
361 93 0.908379
284 119 1.0234
146 569 1.68189
452 54 1.32506
474 794 1.52281
254 829 1.46348
32 625 1.82103
182 93 1.0649
379 702 1.13031
39 80 1.49285
400 218 1.46348
146 737 1.58455
431 913 2.01125
476 378 2.01125
158 702 1.19974
307 656 1.13031
7 152 1.85757
30 971 1.15299
384 841 2.09279
371 794 1.58455
348 718 1.0649
182 656 1.15299
470 98 1.24838
162 307 1.35166
115 131 1.64879
32 110 1.75007
238 702 1.27343
245 87 1.97168
387 821 1.29899
393 836 1.35166
279 886 1.61635
39 307 1.40646
373 793 1.40646
218 341 1.22382
448 970 1.22382
387 357 1.27343
119 688 1.61635
123 35 1.40646
67 217 2.01125
68 411 2.09279
170 349 0.510502
4 793 1.19974
32 35 1.24838
102 729 1.43468
245 35 0.983529
67 481 2.26593
28 231 1.29899
96 35 1.22382
400 35 0.872986
411 729 1.17613
462 35 1.0649
459 729 1.13031
216 338 1.24838
400 884 1.17613
175 729 1.24838
279 972 1.97168
68 425 1.93289
102 910 1.49285
136 119 1.35166
68 94 2.05162
338 729 1.35166
256 436 1.52281
96 155 1.85757
261 218 1.89486
256 672 1.52281
44 414 3.87485
44 543 4.63367
239 218 1.49285
44 338 2.81952
96 114 1.71564
75 119 1.46348
462 114 1.37879
245 248 1.93289
346 507 2.65635
261 118 2.22134
306 654 1.13031
346 760 2.60409
462 203 2.50263
346 948 3.43934
239 118 1.75007
323 411 2.26593
252 654 0.964178
373 289 1.75007
306 397 1.08627
252 397 0.945207
350 682 1.82103
261 174 2.70967
323 183 1.75007
388 183 1.40646
