312
192 485 0.985067
164 33 0.703264
361 202 1.37979
338 807 1.00479
62 137 0.985067
262 223 0.928196
400 971 0.985067
238 616 0.731704
394 954 1.04542
298 718 1.00479
272 93 0.965733
148 312 0.965733
253 616 0.985067
243 595 0.946779
287 689 0.965733
146 307 0.675929
283 673 1.00479
360 459 0.928196
385 920 0.965733
374 454 1.0249
274 516 0.892118
144 307 0.717343
137 634 1.10948
83 368 1.0249
369 862 1.0249
3 5 1.00479
228 89 0.892118
407 993 1.0877
301 655 0.985067
65 321 0.965733
343 817 0.985067
297 716 1.0877
279 845 0.946779
50 113 1.04542
42 93 1.00479
10 24 1.00479
241 593 0.965733
156 402 1.06635
106 117 1.15434
178 454 0.946779
277 662 0.965733
344 863 1.13169
306 737 0.946779
349 833 0.985067
348 831 0.985067
371 871 1.04542
304 732 1.00479
310 398 1.2496
370 85 0.761295
222 557 0.946779
92 223 1.0249
149 385 1.0249
231 52 0.946779
316 952 0.928196
122 312 0.985067
319 769 1.0249
334 117 1.06635
161 417 1.0249
261 634 0.946779
387 640 1.00479
152 395 1.10948
309 748 1.22507
188 472 1.13169
26 52 0.965733
151 389 0.965733
59 557 0.857443
271 655 0.965733
393 949 1.00479
377 981 0.857443
23 981 0.892118
303 417 0.965733
75 166 1.0249
403 981 0.909979
362 853 1.04542
218 770 1.06635
160 410 1.06635
139 359 1.0249
406 988 0.985067
86 209 0.985067
44 101 1.06635
402 977 0.985067
234 580 0.985067
392 947 1.13169
357 398 1.52355
182 460 1.04542
346 853 0.985067
248 603 1.15434
191 743 0.731704
167 431 1.00479
103 267 1.0877
159 409 1.00479
40 89 1.04542
354 842 0.985067
153 410 0.965733
147 375 0.985067
49 731 1.13169
214 24 0.946779
379 293 0.965733
285 315 1.06635
129 333 1.0249
8 272 0.909979
97 249 0.985067
353 840 1.00479
180 456 0.946779
125 321 1.06635
383 27 1.04542
4 8 0.985067
311 751 0.985067
340 813 1.0249
263 346 1.04542
1 149 1.0877
131 346 1.04542
364 856 1.0249
268 428 1.0877
136 352 1.15434
225 562 0.985067
51 117 1.15434
47 541 0.946779
133 348 0.946779
76 46 0.965733
404 984 1.06635
230 315 1.00479
216 75 1.0249
339 67 1.06635
64 140 1.10948
224 617 0.909979
198 502 1.0877
292 700 0.928196
388 43 1.27461
376 883 1.0877
124 320 1.10948
67 149 1.0877
114 293 0.965733
31 8 1.0249
15 400 0.965733
290 184 1.0877
321 845 1.0877
168 432 0.965733
93 234 0.965733
163 984 0.985067
155 401 0.892118
235 582 1.0249
276 661 1.10948
281 125 0.946779
195 498 1.00479
5 9 1.00479
312 851 0.909979
194 497 1.13169
85 199 0.874609
95 4 1.22507
12 27 0.946779
81 187 0.928196
30 69 1.0249
184 463 1.06635
267 724 1.04542
296 599 1.0249
123 315 0.985067
252 192 0.946779
209 525 1.06635
98 251 0.928196
226 293 1.00479
295 49 0.928196
54 125 1.0877
318 724 1.0249
221 160 1.10948
398 968 1.06635
18 38 0.985067
34 49 0.909979
193 69 0.985067
157 8 0.985067
89 49 1.0249
82 192 1.0249
88 214 1.00479
288 690 1.10948
289 67 0.946779
20 497 1.10948
145 372 1.0877
300 724 1.04542
322 37 1.13169
154 400 1.13169
227 564 0.985067
330 788 1.0249
275 660 1.04542
206 640 0.965733
189 473 1.0249
33 42 0.946779
265 638 0.965733
210 526 1.00479
269 645 0.985067
205 320 1.0249
254 617 0.909979
245 597 1.00479
37 82 1.13169
71 160 1.04542
208 699 1.40742
199 504 0.985067
94 42 0.985067
352 982 1.00479
9 21 0.928196
140 362 0.965733
11 483 0.985067
401 975 1.0877
190 480 1.0249
200 268 1.00479
233 448 0.731704
6 10 1.04542
408 997 1.0249
390 426 0.928196
80 184 1.0877
342 816 1.0877
368 860 0.985067
250 612 1.0877
399 969 1.0249
196 499 0.928196
239 587 0.965733
244 596 1.00479
257 625 1.0249
396 957 0.985067
273 432 0.965733
116 285 1.10948
320 770 0.928196
150 685 1.00479
24 49 0.928196
22 943 1.20103
186 467 1.0249
29 808 1.0249
286 686 0.965733
138 356 1.00479
2 731 0.928196
278 900 1.0877
105 527 1.06635
323 776 1.04542
109 285 1.0877
66 146 0.985067
183 547 1.27461
52 108 0.965733
242 446 1.10948
314 943 1.13169
90 731 1.0249
177 265 1.00479
381 900 1.0249
308 877 1.32616
60 40 1.13169
74 146 1.15434
143 368 1.04542
28 64 0.985067
331 921 1.32616
351 835 1.00479
350 834 0.965733
204 639 1.13169
211 527 0.965733
102 265 1.0249
302 728 0.985067
284 674 1.0249
176 451 0.985067
327 526 0.824115
25 51 1.00479
110 286 0.965733
237 584 0.965733
212 917 1.06635
382 374 1.15434
325 792 1.00479
358 664 0.965733
70 796 0.965733
324 777 0.985067
73 917 1.0249
61 135 0.965733
378 889 0.965733
174 446 1.00479
113 161 1.35271
280 667 1.00479
135 351 0.946779
335 796 0.985067
266 639 0.985067
332 40 0.985067
249 265 1.04542
0 2 1.0249
256 623 0.965733
170 437 0.946779
391 369 0.946779
384 847 0.985067
317 923 0.874609
333 792 0.965733
220 943 0.965733
87 877 1.04542
100 369 0.985067
203 514 1.06635
78 175 0.909979
45 374 1.20103
69 40 0.946779
405 923 0.857443
366 265 1.04542
112 103 1.00479
409 509 1.06635
79 177 1.0249
19 40 0.928196
126 322 0.928196
246 598 0.985067
185 466 1.0249
171 438 1.00479
372 40 0.946779
35 374 1.0877
294 705 1.00479
46 103 1.0877
14 32 0.874609
270 647 1.0249
132 577 1.2496
7 16 0.892118
386 161 1.04542
291 699 1.04542
215 538 1.00479
255 161 1.0877
