561
0 690 0.942231
363 190 0.961151
61 202 0.887676
485 577 0.887676
151 690 0.923683
61 646 0.923683
214 596 0.78786
165 126 0.980451
61 573 0.905501
233 596 0.78786
124 663 0.620638
179 201 0.870203
0 400 0.853073
47 161 0.923683
150 201 0.905501
0 3 0.887676
284 735 0.836281
440 646 0.905501
351 161 0.961151
322 1000 0.757148
440 925 0.905501
351 791 0.942231
152 422 0.742244
150 925 0.923683
348 705 0.870203
164 875 0.836281
179 925 0.870203
320 41 0.772352
233 401 0.803681
107 398 0.887676
214 438 0.772352
485 951 0.685503
12 434 0.699268
214 992 0.772352
160 875 0.819819
12 43 0.836281
180 466 0.942231
363 669 0.757148
12 202 0.905501
237 117 0.742244
284 965 0.772352
56 43 0.870203
332 202 1.24462
382 622 0.803681
401 202 1.0616
95 612 0.620638
482 978 0.887676
220 6 0.803681
95 284 0.620638
494 144 0.803681
56 270 0.923683
99 126 1.0616
363 693 0.772352
325 429 0.685503
237 215 0.742244
160 982 0.803681
45 158 0.905501
455 446 0.742244
415 437 0.658781
480 197 0.742244
241 623 0.727633
452 939 1.04071
325 839 0.71331
280 360 0.742244
90 270 1.02022
460 965 0.819819
125 615 0.742244
147 677 0.923683
376 827 0.923683
241 576 0.727633
284 929 0.727633
482 466 0.78786
241 961 0.727633
334 284 0.67201
211 838 0.727633
43 3 0.961151
180 133 0.887676
452 432 0.71331
265 103 0.803681
224 364 0.71331
155 457 0.803681
24 369 0.819819
366 647 0.942231
139 939 0.961151
24 446 0.870203
152 330 0.67201
45 264 0.71331
382 269 0.836281
297 487 0.658781
491 681 0.942231
433 669 0.645813
473 466 0.887676
139 376 0.961151
152 964 0.685503
485 486 0.78786
222 7 0.573194
404 144 0.870203
240 25 0.78786
460 735 0.853073
197 604 0.584704
260 706 0.853073
424 144 0.870203
124 276 0.596444
494 602 0.757148
244 600 0.78786
135 368 0.803681
469 735 0.923683
244 61 0.78786
43 149 0.923683
81 965 0.923683
191 975 0.699268
309 360 0.803681
347 260 0.803681
460 818 0.727633
201 360 0.803681
238 538 0.980451
142 950 0.961151
401 398 0.905501
265 514 0.836281
494 443 0.742244
257 647 1.00014
364 68 0.819819
11 39 0.819819
382 429 0.78786
342 570 0.836281
142 380 0.961151
380 685 0.658781
303 572 0.803681
377 699 0.923683
269 604 0.633101
406 497 0.67201
179 261 0.498726
453 446 0.836281
265 40 0.853073
391 623 0.803681
65 117 0.819819
360 4 0.819819
491 989 0.887676
42 151 0.685503
491 363 0.887676
98 614 1.00014
268 845 0.633101
182 360 0.836281
470 978 0.961151
203 276 0.645813
81 364 0.836281
139 363 0.923683
181 306 0.645813
47 604 0.645813
424 515 0.870203
487 374 1.02022
366 446 0.853073
90 838 0.836281
82 497 0.699268
406 42 0.645813
191 724 0.633101
347 325 0.923683
201 797 0.757148
311 721 0.905501
30 352 0.645813
230 220 0.942231
401 838 0.836281
1 215 0.819819
107 845 0.645813
345 756 0.757148
455 604 0.658781
467 632 0.772352
415 387 0.529376
427 603 0.645813
278 663 0.836281
90 608 0.836281
354 556 0.633101
470 255 0.942231
191 640 0.620638
233 184 0.67201
351 612 0.742244
319 847 0.870203
164 604 0.67201
329 403 0.633101
27 950 1.08292
393 950 1.04071
95 36 0.540006
27 827 1.10467
269 567 0.608421
237 636 0.645813
469 923 0.819819
177 321 0.78786
260 423 0.961151
361 103 0.905501
82 604 0.685503
30 556 0.645813
470 514 0.870203
16 276 0.742244
325 387 0.573194
347 814 0.887676
354 567 0.620638
147 71 0.727633
238 88 0.870203
219 36 0.561911
469 576 0.819819
311 940 0.853073
257 446 0.887676
303 71 0.742244
319 664 0.836281
230 978 1.04071
377 561 0.836281
221 133 0.853073
441 16 0.757148
458 303 0.55085
125 582 0.67201
195 151 0.742244
181 952 0.608421
280 567 0.633101
269 36 0.608421
175 151 0.742244
84 1 0.67201
376 392 0.699268
137 446 0.905501
439 468 0.853073
209 929 0.887676
219 199 0.561911
429 651 0.685503
50 422 0.961151
473 604 0.71331
319 330 0.78786
140 694 0.71331
379 952 0.620638
163 446 0.942231
25 889 0.905501
420 360 0.905501
125 952 0.658781
81 276 0.772352
278 923 0.870203
427 617 0.645813
335 79 0.961151
438 364 0.887676
35 352 0.71331
431 360 0.923683
311 828 0.803681
406 36 0.608421
439 728 0.819819
430 438 0.961151
455 707 0.596444
82 36 0.633101
430 32 0.942231
257 814 0.887676
299 13 0.727633
338 360 0.942231
65 352 0.727633
482 707 0.608421
380 907 0.620638
282 446 0.923683
500 235 0.887676
46 640 0.757148
164 36 0.620638
452 70 0.685503
404 604 0.742244
180 707 0.727633
223 514 0.961151
27 576 0.942231
427 21 0.658781
230 133 0.923683
136 364 0.905501
124 377 0.529376
340 604 0.757148
177 352 0.757148
209 224 0.853073
253 27 0.658781
299 703 0.961151
149 151 0.78786
393 576 0.887676
360 169 0.727633
448 276 0.727633
198 36 0.645813
380 199 0.620638
345 238 0.658781
71 439 0.836281
50 711 0.870203
288 151 0.803681
330 352 0.78786
391 75 0.71331
175 229 0.67201
223 40 0.980451
467 749 0.699268
309 70 0.584704
177 751 0.71331
140 378 0.836281
329 309 0.596444
473 707 0.685503
315 306 0.772352
480 876 0.620638
69 556 0.78786
45 243 0.645813
223 133 0.942231
309 407 0.620638
75 364 0.923683
420 760 0.836281
35 27 0.685503
430 615 0.887676
453 567 0.71331
377 214 0.757148
352 736 0.905501
453 859 0.71331
280 377 0.584704
239 714 0.961151
238 306 0.772352
158 567 0.727633
28 760 0.870203
444 224 0.887676
438 390 0.803681
439 99 0.78786
391 27 0.699268
35 199 0.67201
338 760 0.870203
98 169 0.772352
46 101 0.67201
140 46 0.71331
361 661 0.819819
340 952 0.71331
357 783 0.836281
129 361 0.685503
299 153 0.71331
387 276 0.803681
424 304 0.71331
413 468 0.923683
412 46 0.757148
129 549 0.742244
158 36 0.699268
387 99 0.78786
388 850 0.742244
219 244 0.518956
59 561 0.942231
345 303 0.645813
278 171 0.803681
65 199 0.685503
83 252 0.905501
268 713 0.55085
330 907 0.78786
387 116 0.78786
315 36 0.71331
1 101 0.685503
161 361 1.0616
107 713 0.561911
413 305 0.942231
6 536 0.870203
330 199 0.742244
488 332 0.620638
354 843 0.561911
6 988 0.870203
162 968 0.836281
30 843 0.573194
24 173 0.658781
133 303 0.742244
37 166 0.529376
487 941 0.887676
50 752 0.78786
137 707 0.727633
69 569 0.71331
218 539 0.853073
400 310 0.905501
6 459 0.836281
98 767 0.727633
160 393 0.608421
43 44 0.658781
59 198 0.870203
295 952 0.78786
227 617 0.836281
448 365 0.645813
153 403 0.942231
13 472 0.923683
388 127 0.699268
477 764 0.870203
71 713 0.685503
268 655 0.540006
448 339 0.620638
13 125 0.887676
492 570 1.10467
153 539 0.836281
46 385 0.633101
459 919 0.980451
76 134 1.74509
158 244 0.645813
142 449 0.67201
464 36 0.757148
146 101 0.757148
31 332 0.67201
201 510 0.620638
315 334 0.67201
360 634 0.645813
192 101 0.757148
413 719 0.819819
500 767 0.727633
137 353 0.67201
501 62 0.78786
68 740 1.00014
163 353 0.699268
388 183 0.67201
441 203 0.923683
236 968 0.887676
7 706 0.942231
459 801 1.04071
378 843 0.685503
58 647 1.1961
497 237 0.78786
39 365 0.742244
194 353 0.71331
446 914 0.819819
378 247 0.67201
1 593 0.620638
11 411 0.620638
474 794 0.803681
420 843 0.699268
364 650 0.479285
404 769 0.561911
162 843 0.727633
236 984 0.836281
75 157 0.757148
255 727 0.742244
129 136 0.633101
161 66 1.02022
464 393 0.71331
59 700 0.772352
338 510 0.71331
63 354 0.685503
58 779 1.34764
422 888 0.67201
192 593 0.685503
405 749 0.836281
492 990 1.10467
282 458 0.699268
118 18 0.980451
58 943 1.32111
464 458 0.699268
487 173 0.757148
364 119 0.460601
307 93 0.540006
446 841 0.905501
348 5 0.488909
37 5 0.529376
118 764 0.961151
162 247 0.71331
182 93 0.573194
468 332 0.772352
438 517 0.685503
7 31 0.942231
182 5 0.573194
194 800 0.742244
192 737 0.685503
441 530 1.04071
133 131 0.645813
235 113 0.71331
252 629 0.620638
126 728 0.961151
227 981 0.742244
194 458 0.727633
497 880 0.742244
227 737 0.742244
83 972 0.742244
25 138 0.727633
368 557 0.772352
431 80 0.727633
39 80 0.699268
368 589 0.620638
323 318 0.78786
371 760 1.22012
13 52 0.78786
492 173 0.78786
378 93 0.498726
75 119 0.699268
245 87 0.961151
236 247 0.757148
121 303 1.02022
25 5 0.442646
306 629 0.67201
361 93 0.46985
68 183 0.78786
118 283 1.04071
121 676 1.14948
102 173 1.08292
32 580 0.803681
47 718 0.50874
476 378 1.00014
161 620 1.02022
307 656 0.561911
63 821 0.645813
68 318 0.772352
282 307 0.645813
371 794 0.853073
32 354 0.772352
371 458 1.1961
126 80 0.699268
32 634 0.803681
393 753 0.645813
483 918 1.48849
185 332 0.836281
384 221 1.0616
239 397 0.518956
301 71 1.04071
39 33 0.67201
384 841 1.0616
28 231 0.658781
307 807 0.561911
279 972 0.961151
301 183 0.961151
279 886 0.803681
16 807 0.573194
301 411 1.24462
411 729 0.608421
16 485 0.529376
245 248 0.961151
126 970 0.742244
245 35 0.479285
63 970 0.645813
218 341 0.608421
500 585 0.620638
102 729 0.71331
123 114 1.10467
41 349 0.188271
400 884 0.633101
123 884 1.1961
121 217 1.32111
400 35 0.498726
123 357 1.04071
384 666 1.04071
115 702 1.0616
279 966 0.923683
115 131 0.961151
346 760 1.4023
67 217 0.942231
115 332 0.980451
346 948 1.88954
373 793 0.596444
372 688 0.923683
239 884 0.658781
273 793 1.02022
261 629 0.980451
497 753 0.67201
44 397 1.17256
44 155 1.08292
34 654 0.584704
261 714 1.4023
462 585 0.685503
34 397 0.573194
96 585 0.870203
483 469 1.54886
34 629 0.699268
44 654 1.14948
96 35 0.658781
252 654 0.518956
261 118 1.24462
306 35 0.529376
273 672 1.12685
462 35 0.55085
273 238 1.4023
252 397 0.498726
306 996 0.633101
373 709 0.658781
373 873 1.04071
483 672 1.17256
96 390 1.12685
462 203 1.17256
